0 0.1717687074829932 0.35685483870967744 0.060090702947845805 0.1129032258064516
0 0.24263038548752835 0.3810483870967742 0.05442176870748299 0.12096774193548387
0 0.27040816326530615 0.4183467741935484 0.046485260770975055 0.09879032258064516
0 0.33163265306122447 0.408266129032258 0.03968253968253967 0.07459677419354839
0 0.346938775510204 0.2560483870967742 0.03401360544217687 0.06048387096774194
0 0.3594104308390022 0.2752016129032258 0.03401360544217687 0.06653225806451611
0 0.47505668934240364 0.32661290322580655 0.03401360544217687 0.06048387096774194
0 0.5873015873015872 0.22782258064516128 0.05215419501133787 0.10080645161290322
0 0.8939909297052153 0.06249999999999999 0.0691609977324263 0.1129032258064516
0 0.854875283446712 0.06754032258064516 0.06575963718820861 0.1350806451612903
0 0.7721088435374149 0.3870967741935484 0.03401360544217687 0.06048387096774194
0 0.7562358276643991 0.3951612903225806 0.03401360544217687 0.06048387096774194
0 0.7312925170068028 0.3870967741935484 0.03401360544217687 0.06048387096774194
0 0.6972789115646256 0.2862903225806452 0.03401360544217687 0.06048387096774194
0 0.671201814058957 0.31250000000000006 0.03401360544217687 0.06048387096774194
