0 0.17063492063492064 0.34475806451612906 0.06689342403628118 0.10483870967741936
0 0.2420634920634921 0.37600806451612906 0.06235827664399093 0.11895161290322581
0 0.2715419501133786 0.41229838709677424 0.04195011337868481 0.1028225806451613
0 0.3310657596371882 0.40423387096774194 0.038548752834467105 0.0625
0 0.3446712018140588 0.2540322580645161 0.03401360544217687 0.06048387096774194
0 0.36329422139551504 0.2628392281194108 0.03007967654481576 0.061454823030048324
0 0.4772599814897862 0.31811831372663485 0.03401360544217687 0.06048387096774194
0 0.587931805804671 0.22755960749104973 0.05055945632000944 0.10925301872008586
0 0.6999775865450175 0.28511479765494224 0.03401360544217687 0.06048387096774194
0 0.6762978411799502 0.309013895499961 0.03401360544217687 0.06048387096774194
0 0.7752009894867038 0.39002932551319647 0.03401360544217687 0.06048387096774194
0 0.7545866831581118 0.38819648093841636 0.03401360544217687 0.06048387096774194
0 0.7277880849309422 0.3826979472140762 0.03401360544217687 0.06048387096774194
0 0.8491032776747061 0.06964809384164222 0.05772005772005782 0.13929618768328444
0 0.9053287981859409 0.06653225806451611 0.08730158730158727 0.13306451612903222
