0 0.24319727891156462 0.3820564516129032 0.057823129251700675 0.11895161290322581
0 0.17346938775510204 0.34879032258064513 0.06575963718820861 0.1129032258064516
0 0.2709750566893424 0.4112903225806452 0.045351473922902494 0.10080645161290322
0 0.3282312925170068 0.40120967741935487 0.03741496598639456 0.07258064516129034
0 0.3378684807256236 0.25201612903225806 0.045351473922902494 0.08064516129032258
0 0.3667800453514738 0.2560483870967742 0.04195011337868481 0.07258064516129034
0 0.4705215419501134 0.3094758064516128 0.038548752834467105 0.0625
0 0.5839002267573695 0.2258064516129032 0.05895691609977324 0.10887096774193548
0 0.6995464852607712 0.29435483870967744 0.04081632653061225 0.07661290322580645
0 0.6660997732426304 0.31249999999999994 0.04195011337868481 0.07258064516129034
0 0.7738095238095238 0.3961693548387097 0.03968253968253967 0.07459677419354839
0 0.7482993197278911 0.39818548387096775 0.03401360544217687 0.08669354838709678
0 0.721655328798186 0.3961693548387097 0.04195011337868481 0.08669354838709678
0 0.873015873015873 0.05443548387096774 0.05895691609977324 0.10887096774193548
0 0.8401360544217686 0.06653225806451613 0.05668934240362813 0.1129032258064516
