0 0.17063492063492064 0.3558467741935485 0.057823129251700675 0.11088709677419355
0 0.2414965986394558 0.38004032258064513 0.05215419501133787 0.10685483870967742
0 0.2704081632653061 0.4143145161290323 0.04875283446712018 0.10685483870967742
0 0.3321995464852608 0.40625 0.038548752834467105 0.07459677419354839
0 0.346938775510204 0.2600806451612903 0.03401360544217687 0.06048387096774194
0 0.36281179138321984 0.26411290322580644 0.03401360544217687 0.07258064516129034
0 0.48072562358276644 0.3185483870967742 0.03401360544217687 0.06048387096774194
0 0.5895691609977324 0.2258064516129032 0.05215419501133787 0.10887096774193548
0 0.8922902494331066 0.06350806451612903 0.06575963718820861 0.10685483870967742
0 0.8537414965986394 0.06754032258064514 0.061224489795918366 0.13104838709677416
0 0.7811791383219955 0.3951612903225806 0.03401360544217687 0.06048387096774194
0 0.7528344671201812 0.3951612903225806 0.03401360544217687 0.06048387096774194
0 0.7301587301587301 0.39112903225806456 0.03401360544217687 0.06048387096774194
0 0.701814058956916 0.2883064516129032 0.03401360544217687 0.06048387096774194
0 0.6734693877551018 0.3306451612903226 0.03401360544217687 0.06048387096774194
