0 0.23893303064699206 0.3820564516129032 0.06923950056753687 0.12298387096774194
0 0.5885357548240635 0.22479838709677416 0.0601589103291714 0.12298387096774194
0 0.3291713961407492 0.24495967741935484 0.04313280363223608 0.08266129032258064
0 0.4790011350737797 0.30745967741935476 0.0340522133938706 0.0625
0 0.8740068104426786 0.05645161290322581 0.06356413166855845 0.10483870967741936
0 0.8422247446083995 0.07963709677419355 0.06129398410896708 0.15120967741935484
0 0.7207718501702608 0.3860887096774194 0.02724177071509648 0.08266129032258064
0 0.6969353007945515 0.2872983870967742 0.04313280363223608 0.07862903225806452
0 0.3620885357548241 0.2530241935483871 0.036322360953461974 0.07459677419354839
0 0.7701475595913735 0.3870967741935484 0.03064699205448354 0.06451612903225806
0 0.7451759364358683 0.3921370967741936 0.03064699205448354 0.09475806451612905
0 0.16685584562996594 0.3377016129032258 0.06356413166855845 0.09879032258064516
0 0.2741203178206584 0.41532258064516125 0.03745743473325766 0.09274193548387095
0 0.329738933030647 0.40625 0.046538024971623154 0.08669354838709678
0 0.6640181611804767 0.314516129032258 0.03859250851305335 0.07661290322580645
