0 0.17233560090702948 0.35685483870967744 0.06349206349206349 0.1129032258064516
0 0.2409297052154195 0.3780241935483871 0.05555555555555555 0.10685483870967742
0 0.2704081632653061 0.4163306451612903 0.04421768707482993 0.1028225806451613
0 0.33163265306122447 0.40927419354838707 0.04195011337868481 0.07661290322580645
0 0.346938775510204 0.25806451612903225 0.03401360544217687 0.06048387096774194
0 0.3594104308390022 0.26814516129032256 0.03401360544217687 0.06854838709677419
0 0.47845804988662133 0.3205645161290323 0.03401360544217687 0.06048387096774194
0 0.5873015873015873 0.22278225806451613 0.05442176870748299 0.1028225806451613
0 0.6961451247165534 0.29032258064516125 0.03401360544217687 0.06048387096774194
0 0.6746031746031745 0.3185483870967742 0.03401360544217687 0.06048387096774194
0 0.7766439909297052 0.3991935483870968 0.03401360544217687 0.06048387096774194
0 0.7528344671201812 0.3951612903225806 0.03401360544217687 0.06048387096774194
0 0.7290249433106575 0.3951612903225806 0.03401360544217687 0.06048387096774194
0 0.8934240362811791 0.06653225806451613 0.06802721088435373 0.11693548387096774
0 0.850907029478458 0.07358870967741934 0.06462585034013606 0.1471774193548387
