0 0.17120181405895693 0.3487903225806452 0.061224489795918366 0.10080645161290322
0 0.2414965986394558 0.3790322580645162 0.05668934240362813 0.125
0 0.268140589569161 0.42439516129032256 0.05102040816326531 0.1028225806451613
0 0.3310657596371882 0.4122983870967742 0.04081632653061225 0.07459677419354839
0 0.3469387755102041 0.25504032258064513 0.036281179138321996 0.06653225806451611
0 0.36507936507936506 0.2691532258064516 0.036281179138321996 0.06653225806451611
0 0.47732426303854875 0.3225806451612903 0.03401360544217687 0.06048387096774194
0 0.5850340136054422 0.22580645161290325 0.049886621315192746 0.10483870967741936
0 0.8956916099773242 0.0655241935483871 0.07256235827664399 0.11491935483870969
0 0.8503401360544217 0.06754032258064516 0.06349206349206349 0.12701612903225806
0 0.7743764172335601 0.39314516129032256 0.03401360544217687 0.06048387096774194
0 0.7528344671201812 0.3951612903225806 0.03401360544217687 0.06048387096774194
0 0.7267573696145126 0.38104838709677424 0.03401360544217687 0.06048387096774194
0 0.704081632653061 0.2963709677419354 0.03401360544217687 0.06048387096774194
0 0.6768707482993196 0.3245967741935484 0.03401360544217687 0.06048387096774194
