0 0.1717687074829932 0.34778225806451624 0.0691609977324263 0.1028225806451613
0 0.2420634920634921 0.37701612903225806 0.05328798185941043 0.12096774193548387
0 0.27267573696145125 0.4102822580645162 0.03968253968253967 0.10685483870967742
0 0.3310657596371881 0.40423387096774194 0.045351473922902494 0.08266129032258064
0 0.3401360544217686 0.25201612903225806 0.045351473922902494 0.08064516129032258
0 0.36564625850340127 0.26310483870967744 0.032879818594104306 0.07056451612903228
0 0.471655328798186 0.310483870967742 0.036281179138321996 0.0564516129032258
0 0.5821995464852607 0.21471774193548387 0.05102040816326531 0.09475806451612905
0 0.6989795918367347 0.2862903225806452 0.04195011337868481 0.06048387096774194
0 0.6655328798185939 0.3104838709677419 0.04308390022675737 0.07661290322580645
0 0.7749433106575964 0.38407258064516137 0.03968253968253967 0.07056451612903228
0 0.751700680272109 0.3901209677419355 0.03401360544217687 0.0625
0 0.7233560090702946 0.38508064516129037 0.036281179138321996 0.07258064516129034
0 0.8730158730158729 0.0625 0.06802721088435373 0.10483870967741936
0 0.8480725623582767 0.05544354838709678 0.05668934240362813 0.1028225806451613
