0 0.2395005675368899 0.38407258064516125 0.06583427922814983 0.15120967741935484
0 0.32860385925085134 0.25100806451612906 0.05561861520998865 0.08266129032258064
0 0.36549375709421106 0.2600806451612903 0.040862656072644735 0.06048387096774194
0 0.4721906923950057 0.3104838709677418 0.04313280363223608 0.06854838709677419
0 0.5845629965947787 0.22379032258064516 0.056753688989784334 0.12903225806451613
0 0.6952326901248581 0.2872983870967742 0.05107832009080591 0.08266129032258064
0 0.7207718501702611 0.3860887096774194 0.029511918274687857 0.08266129032258064
0 0.7797956867196367 0.3961693548387097 0.05221339387060159 0.11088709677419355
0 0.7491486946651529 0.3961693548387097 0.040862656072644665 0.07862903225806422
0 0.866061293984109 0.07157258064516127 0.06356413166855845 0.13104838709677416
0 0.8337116912599319 0.07459677419354838 0.05561861520998865 0.12903225806451613
