0 0.17290249433106578 0.3477822580645162 0.060090702947845805 0.09879032258064516
0 0.24319727891156462 0.38004032258064513 0.05328798185941043 0.11895161290322581
0 0.26927437641723356 0.41431451612903225 0.03968253968253967 0.09879032258064516
0 0.3333333333333332 0.40725806451612906 0.04081632653061225 0.07661290322580663
0 0.3446712018140588 0.25 0.03401360544217687 0.06048387096774194
0 0.3639455782312924 0.2600806451612903 0.036281179138321996 0.07661290322580645
0 0.47959183673469385 0.3225806451612903 0.03401360544217687 0.06048387096774194
0 0.5890022675736961 0.22681451612903225 0.05555555555555555 0.11088709677419355
0 0.7777777777777777 0.3891129032258065 0.03401360544217687 0.06048387096774194
0 0.753968253968254 0.3850806451612903 0.03401360544217687 0.06048387096774194
0 0.7290249433106575 0.3850806451612903 0.03401360544217687 0.06048387096774194
0 0.7006802721088435 0.28427419354838707 0.03401360544217687 0.06048387096774194
0 0.6746031746031745 0.30443548387096775 0.03401360544217687 0.06048387096774194
0 0.9041950113378681 0.06955645161290325 0.07823129251700678 0.12298387096774198
0 0.8599773242630385 0.07056451612903224 0.07142857142857144 0.13306451612903222
