0 0.5827664399092971 0.22479838709677416 0.05442176870748299 0.11088709677419355
0 0.4739229024943311 0.31350806451612906 0.036281179138321996 0.05846774193548387
0 0.3435374149659864 0.25 0.036281179138321996 0.06854838709677419
0 0.36678004535147396 0.25907258064516125 0.032879818594104306 0.06653225806451611
0 0.3299319727891155 0.3991935483870968 0.04308390022675737 0.07258064516129034
0 0.2766439909297052 0.4092741935483871 0.036281179138321996 0.0967741935483871
0 0.24319727891156465 0.37903225806451607 0.05555555555555555 0.13306451612903222
0 0.17346938775510204 0.34979838709677424 0.07029478458049887 0.12298387096774194
0 0.6995464852607708 0.28125 0.038548752834467105 0.07056451612903228
0 0.6678004535147392 0.3024193548387097 0.04308390022675737 0.0846774193548387
0 0.778344671201814 0.3891129032258065 0.035147392290249435 0.06451612903225806
0 0.7573696145124716 0.39112903225806456 0.038548752834467105 0.07258064516129034
0 0.7284580498866216 0.38407258064516125 0.03741496598639456 0.07459677419354839
0 0.8939909297052153 0.05846774193548386 0.06235827664399093 0.1129032258064516
0 0.8480725623582767 0.0655241935483871 0.05215419501133787 0.12701612903225806
