0 0.17120181405895693 0.34979838709677424 0.06575963718820861 0.11491935483870969
0 0.2437641723356009 0.3780241935483871 0.061224489795918366 0.12298387096774194
0 0.2698412698412698 0.41532258064516125 0.045351473922902494 0.10483870967741936
0 0.3287981859410431 0.41330645161290325 0.045351473922902494 0.08870967741935484
0 0.3395691609977324 0.25604838709677424 0.05102040816326531 0.08870967741935484
0 0.36621315192743753 0.2661290322580645 0.04081632653061225 0.07661290322580645
0 0.4688208616780045 0.310483870967742 0.030612244897959183 0.05241935483870968
0 0.5793650793650794 0.22983870967741937 0.05215419501133787 0.11693548387096774
0 0.7001133786848073 0.2852822580645162 0.04421768707482993 0.07056451612903228
0 0.667233560090703 0.3074596774193548 0.04195011337868481 0.07459677419354839
0 0.7171201814058955 0.38508064516129037 0.035147392290249435 0.07258064516129034
0 0.7766439909297052 0.3931451612903226 0.04308390022675737 0.08870967741935484
0 0.7482993197278914 0.39112903225806456 0.04081632653061225 0.0846774193548387
0 0.8752834467120181 0.06653225806451613 0.07256235827664399 0.125
0 0.8463718820861679 0.0564516129032258 0.06235827664399093 0.1129032258064516
