0 0.17346938775510204 0.3508064516129032 0.06349206349206349 0.11693548387096774
0 0.24036281179138322 0.37600806451612906 0.05215419501133787 0.11895161290322581
0 0.2709750566893424 0.41532258064516125 0.047619047619047616 0.10080645161290322
0 0.3304988662131521 0.4072580645161292 0.051020408163265855 0.07661290322580624
0 0.3480725623582765 0.2540322580645161 0.03401360544217687 0.06048387096774194
0 0.36621315192743764 0.2600806451612903 0.031746031746031744 0.06854838709677419
0 0.47959183673469385 0.3145161290322581 0.03401360544217687 0.06048387096774194
0 0.5844671201814059 0.23286290322580644 0.057823129251700675 0.12298387096774194
0 0.8911564625850339 0.06149193548387096 0.07936507936507935 0.11088709677419355
0 0.8577097505668934 0.06754032258064516 0.06689342403628118 0.12701612903225806
0 0.7811791383219955 0.3870967741935484 0.03401360544217687 0.06048387096774194
0 0.753968253968254 0.3870967741935484 0.03401360544217687 0.06048387096774194
0 0.7312925170068028 0.38306451612903225 0.03401360544217687 0.06048387096774194
0 0.7006802721088435 0.28427419354838707 0.03401360544217687 0.06048387096774194
0 0.6746031746031745 0.3165322580645162 0.03401360544217687 0.06048387096774194
