0 0.2360953461975028 0.3860887096774194 0.06129398410896708 0.15120967741935484
0 0.33030646992054485 0.2479838709677419 0.0499432463110102 0.08870967741935484
0 0.47673098751418846 0.3084677419354839 0.04313280363223608 0.08064516129032258
0 0.5891032917139614 0.22379032258064513 0.05448354143019296 0.12096774193548387
0 0.6963677639046537 0.28024193548387094 0.039727582292849034 0.07258064516129034
0 0.7457434733257662 0.3901209677419355 0.022701475595913734 0.07862903225806452
0 0.3671963677639047 0.25302419354838707 0.03518728717366629 0.06653225806451611
0 0.767877412031782 0.3941532258064516 0.03518728717366629 0.09879032258064516
0 0.7213393870601587 0.3870967741935484 0.03518728717366629 0.10887096774193548
0 0.2752553916004537 0.4153225806451609 0.04426787741203154 0.10483870967741973
0 0.8779795686719636 0.0655241935483871 0.06923950056753687 0.12298387096774194
0 0.8342792281498297 0.08064516129032258 0.05448354143019296 0.14919354838709678
0 0.16628830874006809 0.33266129032258057 0.06469920544835414 0.10887096774193548
0 0.6600454029511919 0.31552419354838707 0.046538024971623154 0.07056451612903228
0 0.3325766174801362 0.4092741935483871 0.0499432463110102 0.0967741935483871
