0 0.17120181405895693 0.3467741935483872 0.05668934240362813 0.10080645161290322
0 0.2409297052154195 0.3840725806451612 0.05102040816326531 0.11088709677419355
0 0.27154195011337867 0.4254032258064517 0.03968253968253967 0.09274193548387095
0 0.3299319727891157 0.41129032258064513 0.03401360544217687 0.06048387096774194
0 0.3458049886621315 0.25806451612903225 0.03401360544217687 0.06048387096774194
0 0.36111111111111116 0.26814516129032256 0.032879818594104306 0.08064516129032258
0 0.47845804988662133 0.3245967741935485 0.03401360544217687 0.06048387096774194
0 0.5878684807256235 0.22983870967741937 0.05328798185941043 0.0967741935483871
0 0.8939909297052153 0.05745967741935484 0.06689342403628118 0.10685483870967742
0 0.8531746031746031 0.0745967741935484 0.06462585034013606 0.14112903225806456
0 0.7766439909297052 0.39314516129032256 0.03401360544217687 0.06048387096774194
0 0.7562358276643991 0.39717741935483875 0.03401360544217687 0.06048387096774194
0 0.7312925170068028 0.39112903225806456 0.03401360544217687 0.06048387096774194
0 0.6950113378684807 0.2862903225806452 0.03401360544217687 0.06048387096774194
0 0.671201814058957 0.3145161290322581 0.03401360544217687 0.06048387096774194
