0 0.17460317460317462 0.3508064516129032 0.06349206349206349 0.11693548387096774
0 0.24546485260770975 0.3810483870967742 0.05555555555555555 0.11693548387096774
0 0.2709750566893424 0.41633064516129037 0.04308390022675737 0.09475806451612905
0 0.33049886621315183 0.41330645161290325 0.04421768707482993 0.06854838709677419
0 0.3480725623582765 0.2600806451612903 0.03401360544217687 0.06048387096774194
0 0.3639455782312925 0.26713709677419356 0.038548752834467105 0.07459677419354839
0 0.47278911564625853 0.3205645161290323 0.03401360544217687 0.06048387096774194
0 0.5856009070294784 0.2288306451612903 0.05328798185941043 0.1028225806451613
0 0.8922902494331066 0.06451612903225806 0.07482993197278912 0.1129032258064516
0 0.8537414965986394 0.06754032258064514 0.06575963718820861 0.13104838709677416
0 0.6972789115646256 0.2862903225806452 0.03401360544217687 0.06048387096774194
0 0.6757369614512472 0.3145161290322581 0.03401360544217687 0.06048387096774194
0 0.7766439909297052 0.39112903225806456 0.03401360544217687 0.06048387096774194
0 0.7562358276643991 0.3951612903225806 0.03401360544217687 0.06048387096774194
0 0.7301587301587301 0.39112903225806456 0.03401360544217687 0.06048387096774194
