0 0.24603174603174605 0.38004032258064513 0.05895691609977324 0.11895161290322581
0 0.17517006802721088 0.34072580645161293 0.06689342403628118 0.1129032258064516
0 0.27494331065759636 0.4092741935483871 0.03968253968253967 0.10080645161290322
0 0.33049886621315183 0.40524193548387094 0.04421768707482993 0.0846774193548387
0 0.33900226757369617 0.25100806451612906 0.04081632653061225 0.07459677419354839
0 0.3622448979591836 0.25907258064516125 0.032879818594104306 0.06653225806451611
0 0.473922902494331 0.3145161290322581 0.03401360544217687 0.06048387096774194
0 0.5856009070294784 0.22580645161290325 0.05555555555555555 0.11693548387096774
0 0.7018140589569161 0.2862903225806452 0.038548752834467105 0.07258064516129034
0 0.6695011337868481 0.3054435483870968 0.03741496598639456 0.07056451612903228
0 0.7772108843537414 0.3891129032258065 0.035147392290249435 0.06854838709677419
0 0.7528344671201813 0.3830645161290323 0.038548752834467105 0.07258064516129034
0 0.7256235827664399 0.38407258064516137 0.03401360544217687 0.06653225806451611
0 0.8905895691609977 0.0594758064516129 0.06462585034013606 0.11088709677419355
0 0.8480725623582767 0.06754032258064516 0.05442176870748299 0.1350806451612903
