0 0.24347332576617484 0.37600806451612906 0.06469920544835414 0.11895161290322581
0 0.17082860385925083 0.34475806451612906 0.07150964812712826 0.10483870967741936
0 0.27185017026106695 0.4133064516129032 0.04426787741203178 0.0967741935483871
0 0.32860385925085134 0.4072580645161291 0.046538024971623154 0.09274193548387095
0 0.33030646992054485 0.2540322580645161 0.040862656072644735 0.08064516129032258
0 0.3626560726447219 0.2600806451612903 0.03745743473325766 0.0564516129032258
0 0.4733257661748014 0.3084677419354838 0.0499432463110102 0.06451612903225806
0 0.5891032917139614 0.2217741935483871 0.05221339387060159 0.11693548387096774
0 0.695800227014756 0.28125 0.03859250851305335 0.05846774193548387
0 0.6691259931895572 0.31249999999999994 0.041997729852440394 0.07258064516129034
0 0.7207718501702611 0.3860887096774194 0.029511918274687857 0.07459677419354839
0 0.742905788876277 0.3921370967741935 0.03064699205448354 0.07862903225806452
0 0.7695800227014756 0.3991935483870968 0.036322360953461974 0.0846774193548387
0 0.8745743473325766 0.0655241935483871 0.06923950056753687 0.11491935483870969
0 0.8427922814982973 0.06149193548387097 0.05788876276958002 0.11895161290322581
