0 0.17176870748299322 0.3508064516129032 0.06689342403628118 0.11693548387096774
0 0.2414965986394558 0.3780241935483871 0.05668934240362813 0.11895161290322581
0 0.2738095238095238 0.4102822580645162 0.046485260770975055 0.1028225806451613
0 0.326530612244898 0.4032258064516129 0.04308390022675737 0.08064516129032258
0 0.3452380952380952 0.2530241935483871 0.03968253968253967 0.07459677419354839
0 0.36451247165532874 0.25806451612903225 0.035147392290249435 0.06854838709677419
0 0.4739229024943311 0.3044354838709677 0.031746031746031744 0.0564516129032258
0 0.5844671201814059 0.22379032258064516 0.057823129251700675 0.11693548387096774
0 0.7006802721088435 0.28326612903225806 0.049886621315192746 0.07862903225806452
0 0.6660997732426304 0.30645161290322576 0.04195011337868481 0.06854838709677419
0 0.7760770975056688 0.3830645161290323 0.032879818594104306 0.06854838709677419
0 0.756235827664399 0.3911290322580645 0.04081632653061225 0.07661290322580645
0 0.7261904761904762 0.3850806451612903 0.03968253968253967 0.07661290322580645
0 0.8990929705215419 0.0564516129032258 0.06802721088435373 0.10887096774193548
0 0.8537414965986394 0.0695564516129032 0.061224489795918366 0.13104838709677416
