0 0.17120181405895693 0.35685483870967744 0.06802721088435373 0.1129032258064516
0 0.2420634920634921 0.37600806451612906 0.05328798185941043 0.11491935483870969
0 0.2698412698412698 0.42137096774193544 0.045351473922902494 0.0967741935483871
0 0.3310657596371881 0.4122983870967742 0.045351473922902494 0.08266129032258064
0 0.3407029478458049 0.2540322580645161 0.03741496598639456 0.07258064516129034
0 0.36281179138321995 0.2661290322580645 0.031746031746031744 0.08064516129032258
0 0.4722222222222222 0.31149193548387105 0.035147392290249435 0.05846774193548387
0 0.582766439909297 0.22379032258064516 0.049886621315192746 0.10483870967741936
0 0.6995464852607708 0.2953629032258065 0.038548752834467105 0.07056451612903228
0 0.6643990929705214 0.3125 0.047619047619047616 0.08870967741935484
0 0.7766439909297053 0.3931451612903226 0.038548752834467105 0.07258064516129034
0 0.7551020408163268 0.3891129032258065 0.04081632653061225 0.06451612903225806
0 0.7250566893424035 0.3830645161290323 0.03968253968253967 0.07258064516129034
0 0.8786848072562359 0.06048387096774193 0.06575963718820861 0.10887096774193548
0 0.8418367346938775 0.06451612903225806 0.04421768707482993 0.11693548387096774
