0 0.17176870748299322 0.3548387096774194 0.057823129251700675 0.10080645161290322
0 0.2386621315192744 0.38104838709677424 0.05555555555555555 0.1129032258064516
0 0.2755102040816326 0.4173387096774194 0.04308390022675737 0.0967741935483871
0 0.33163265306122447 0.40625 0.04195011337868481 0.08266129032258064
0 0.3458049886621315 0.25806451612903225 0.03401360544217687 0.06048387096774194
0 0.36394557823129253 0.25907258064516125 0.031746031746031744 0.07056451612903228
0 0.4761904761904763 0.3225806451612903 0.03401360544217687 0.06048387096774194
0 0.5844671201814059 0.22782258064516128 0.057823129251700675 0.1129032258064516
0 0.8905895691609977 0.07358870967741934 0.07596371882086168 0.13104838709677416
0 0.8526077097505669 0.07056451612903225 0.05215419501133787 0.12903225806451613
0 0.7823129251700679 0.39314516129032256 0.03401360544217687 0.06048387096774194
0 0.760204081632653 0.4002016129032258 0.04421768707482993 0.07056451612903228
0 0.7301587301587301 0.3891129032258065 0.03401360544217687 0.06048387096774194
0 0.6995464852607709 0.2862903225806452 0.03401360544217687 0.06048387096774194
0 0.6734693877551018 0.3185483870967742 0.03401360544217687 0.06048387096774194
