0 0.17460317460317462 0.35685483870967744 0.06349206349206349 0.1129032258064516
0 0.23922902494331066 0.3800403225806452 0.049886621315192746 0.11088709677419355
0 0.2709750566893424 0.4122983870967742 0.04308390022675737 0.09879032258064516
0 0.32766439909297046 0.40927419354838707 0.04308390022675737 0.07661290322580645
0 0.3486394557823129 0.26713709677419356 0.04421768707482993 0.07459677419354839
0 0.36621315192743764 0.2772177419354839 0.038548752834467105 0.07459677419354839
0 0.47732426303854875 0.3245967741935484 0.03401360544217687 0.06048387096774194
0 0.5867346938775511 0.23487903225806442 0.05328798185941043 0.11088709677419355
0 0.6995464852607709 0.28225806451612906 0.03401360544217687 0.06048387096774194
0 0.6746031746031745 0.3145161290322581 0.03401360544217687 0.06048387096774194
0 0.7789115646258503 0.3951612903225806 0.03401360544217687 0.06048387096774194
0 0.7551020408163265 0.39314516129032256 0.03401360544217687 0.06048387096774194
0 0.7301587301587301 0.38306451612903225 0.03401360544217687 0.06048387096774194
0 0.9041950113378685 0.0655241935483871 0.07369614512471653 0.12298387096774194
0 0.8554421768707481 0.06854838709677417 0.060090702947845805 0.13306451612903222
