0 0.23893303064699203 0.3810483870967742 0.06696935300794551 0.12903225806451613
0 0.5856980703745743 0.22883064516129029 0.06583427922814983 0.13104838709677416
0 0.47502837684449395 0.30443548387096764 0.028376844494892105 0.07258064516129062
0 0.329738933030647 0.25100806451612906 0.04653802497162332 0.09475806451612888
0 0.3609534619750284 0.2570564516129032 0.03859250851305335 0.07056451612903228
0 0.6963677639046536 0.28326612903225806 0.041997729852440394 0.07056451612903228
0 0.7190692395005676 0.3810483870967742 0.03518728717366629 0.0846774193548387
0 0.767877412031782 0.3921370967741936 0.032917139614074914 0.08266129032258064
0 0.7491486946651533 0.3850806451612903 0.036322360953461974 0.07661290322580645
0 0.8740068104426788 0.06149193548387097 0.06583427922814983 0.10685483870967742
0 0.8388195232690125 0.06754032258064514 0.059023836549375715 0.13104838709677416
0 0.2741203178206583 0.4173387096774194 0.041997729852440394 0.08870967741935484
0 0.3325766174801362 0.40725806451612906 0.0499432463110102 0.0846774193548387
0 0.17082860385925083 0.3467741935483871 0.07150964812712826 0.10887096774193548
0 0.6645856980703746 0.31350806451612906 0.05107832009080591 0.08266129032258064
