0 0.1712018140589569 0.35685483870967744 0.06349206349206349 0.1129032258064516
0 0.2437641723356009 0.38104838709677424 0.05895691609977324 0.1129032258064516
0 0.27210884353741494 0.41633064516129037 0.045351473922902494 0.09475806451612905
0 0.32936507936507936 0.40423387096774194 0.03741496598639456 0.06653225806451611
0 0.3458049886621315 0.25806451612903225 0.03401360544217687 0.06048387096774194
0 0.36281179138321984 0.2711693548387097 0.03401360544217687 0.06653225806451611
0 0.47732426303854875 0.3185483870967742 0.03401360544217687 0.06048387096774194
0 0.5850340136054422 0.2308467741935484 0.05668934240362813 0.1028225806451613
0 0.8922902494331066 0.0685483870967742 0.07482993197278912 0.12096774193548387
0 0.8554421768707482 0.07258064516129034 0.0691609977324263 0.14112903225806456
0 0.6950113378684807 0.2883064516129032 0.03401360544217687 0.06048387096774194
0 0.6734693877551018 0.3205645161290323 0.03401360544217687 0.06048387096774194
0 0.7766439909297052 0.39717741935483875 0.03401360544217687 0.06048387096774194
0 0.7551020408163265 0.39314516129032256 0.03401360544217687 0.06048387096774194
0 0.7312925170068028 0.39314516129032256 0.03401360544217687 0.06048387096774194
