0 0.17026106696935295 0.3487903225806451 0.07264472190692374 0.10887096774193568
0 0.23893303064699206 0.37298387096774194 0.05561861520998865 0.12096774193548387
0 0.27355278093076046 0.4163306451612903 0.040862656072644735 0.1028225806451613
0 0.33200908059023837 0.40524193548387094 0.039727582292849034 0.0846774193548387
0 0.3337116912599319 0.2540322580645161 0.04767309875141884 0.08064516129032258
0 0.3649262202043134 0.2691532258064516 0.032917139614074914 0.07862903225806452
0 0.47559591373439275 0.3165322580645162 0.036322360953461974 0.0564516129032258
0 0.5862656072644722 0.22379032258064516 0.05107832009080591 0.10483870967741936
0 0.7003405221339386 0.2923387096774194 0.040862656072644735 0.06451612903225806
0 0.6617480136208849 0.31249999999999994 0.03859250851305332 0.08467741935483877
0 0.7196367763904654 0.38104838709677424 0.029511918274687857 0.06854838709677419
0 0.7451759364358682 0.3941532258064517 0.03745743473325766 0.08669354838709678
0 0.7695800227014756 0.3901209677419355 0.036322360953461974 0.08266129032258064
0 0.8723041997729852 0.06451612903225806 0.06696935300794551 0.10887096774193548
0 0.8393870601589104 0.06048387096774193 0.0601589103291714 0.11693548387096774
