0 0.17290249433106575 0.34475806451612906 0.06689342403628118 0.10080645161290322
0 0.24546485260770975 0.37802419354838707 0.060090702947845805 0.11491935483870969
0 0.27040816326530615 0.40826612903225806 0.046485260770975055 0.1028225806451613
0 0.3299319727891157 0.40322580645161316 0.04081632653061213 0.07258064516129005
0 0.3446712018140588 0.24596774193548387 0.03401360544217687 0.06048387096774194
0 0.36281179138321995 0.2560483870967742 0.02947845804988662 0.06451612903225806
0 0.47732426303854875 0.3205645161290323 0.03401360544217687 0.06048387096774194
0 0.5895691609977324 0.21875 0.049886621315192746 0.0907258064516129
0 0.6984126984126985 0.2883064516129032 0.03401360544217687 0.06048387096774194
0 0.6689342403628118 0.3104838709677418 0.03401360544217687 0.06048387096774194
0 0.7766439909297052 0.39314516129032256 0.03401360544217687 0.06048387096774194
0 0.7551020408163265 0.3951612903225806 0.03401360544217687 0.06048387096774194
0 0.7278911564625852 0.38306451612903225 0.03401360544217687 0.06048387096774194
0 0.8985260770975058 0.06149193548387096 0.06689342403628118 0.11088709677419355
0 0.8531746031746031 0.06754032258064516 0.06235827664399093 0.12701612903225806
