0 0.23893303064699206 0.37701612903225806 0.06242905788876277 0.11693548387096774
0 0.16799091940976163 0.3356854838709678 0.06583427922814983 0.1028225806451613
0 0.27185017026106695 0.41532258064516125 0.046538024971623154 0.0967741935483871
0 0.3320090805902385 0.40322580645161293 0.04880817253121453 0.08870967741935484
0 0.3303064699205449 0.2530241935483871 0.04540295119182747 0.07862903225806452
0 0.3666288308740068 0.26512096774193544 0.04540295119182747 0.06653225806451611
0 0.4727582292849036 0.3064516129032258 0.04426787741203178 0.06451612903225806
0 0.5817253121452896 0.22278225806451613 0.05107832009080591 0.10685483870967742
0 0.8671963677639046 0.06350806451612905 0.06583427922814983 0.1028225806451613
0 0.8376844494892168 0.06754032258064516 0.05221339387060159 0.11088709677419355
0 0.7741203178206584 0.3961693548387097 0.03859250851305335 0.07459677419354839
0 0.750851305334847 0.3961693548387097 0.03745743473325766 0.07862903225806452
0 0.7224744608399546 0.3891129032258065 0.032917139614074914 0.06854838709677419
0 0.6980703745743476 0.2933467741935484 0.03859250851305335 0.07056451612903228
0 0.6662883087400681 0.31552419354838707 0.04313280363223608 0.07459677419354839
