0 0.17403628117913833 0.3538306451612903 0.06689342403628118 0.11895161290322581
0 0.24603174603174602 0.3810483870967742 0.05442176870748299 0.12096774193548387
0 0.27210884353741494 0.41330645161290325 0.045351473922902494 0.10483870967741936
0 0.32936507936507936 0.40725806451612906 0.04421768707482993 0.07661290322580645
0 0.3458049886621315 0.2540322580645161 0.03401360544217687 0.06048387096774194
0 0.3622448979591836 0.26713709677419356 0.032879818594104306 0.0625
0 0.47845804988662133 0.3165322580645161 0.03401360544217687 0.06048387096774194
0 0.5895691609977322 0.22278225806451615 0.05442176870748344 0.0987903225806451
0 0.6984126984126985 0.29032258064516125 0.03401360544217687 0.06048387096774194
0 0.6700680272108843 0.3104838709677418 0.03401360544217687 0.06048387096774194
0 0.7789115646258503 0.38306451612903225 0.03401360544217687 0.06048387096774194
0 0.7585034013605444 0.3951612903225806 0.03401360544217687 0.06048387096774194
0 0.7290249433106575 0.3850806451612903 0.03401360544217687 0.06048387096774194
0 0.9007936507936507 0.06350806451612903 0.08503401360544215 0.12701612903225806
0 0.8565759637188208 0.07157258064516127 0.06689342403628118 0.1391129032258064
