0 0.17233560090702948 0.34375 0.06802721088435373 0.09879032258064516
0 0.24489795918367346 0.3780241935483871 0.05442176870748299 0.11895161290322581
0 0.26984126984126977 0.4173387096774194 0.047619047619047616 0.10483870967741936
0 0.3344671201814058 0.4032258064516129 0.03401360544217687 0.06048387096774194
0 0.346938775510204 0.25806451612903225 0.03401360544217687 0.06048387096774194
0 0.35941043083900226 0.2661290322580645 0.036281179138321996 0.06854838709677419
0 0.47732426303854875 0.3185483870967742 0.03401360544217687 0.06048387096774194
0 0.5850340136054422 0.22983870967741937 0.049886621315192746 0.10887096774193548
0 0.6984126984126985 0.29032258064516125 0.03401360544217687 0.06048387096774194
0 0.6678004535147392 0.3104838709677418 0.03401360544217687 0.06048387096774194
0 0.7811791383219955 0.3891129032258065 0.03401360544217687 0.06048387096774194
0 0.7528344671201812 0.39112903225806456 0.03401360544217687 0.06048387096774194
0 0.7267573696145126 0.38306451612903225 0.03401360544217687 0.06048387096774194
0 0.9024943310657596 0.06854838709677419 0.07709750566893421 0.125
0 0.8594104308390023 0.06854838709677419 0.07256235827664399 0.12903225806451613
