0 0.17460317460317462 0.35685483870967744 0.061224489795918366 0.1129032258064516
0 0.2437641723356009 0.3891129032258064 0.049886621315192746 0.1129032258064516
0 0.2675736961451247 0.4183467741935484 0.049886621315192746 0.1028225806451613
0 0.32766439909297046 0.41129032258064513 0.04308390022675737 0.07661290322580645
0 0.3458049886621315 0.25806451612903225 0.03401360544217687 0.06048387096774194
0 0.35997732426303847 0.26310483870967744 0.032879818594104306 0.07056451612903228
0 0.47845804988662133 0.32862903225806456 0.03401360544217687 0.06048387096774194
0 0.5839002267573696 0.22379032258064518 0.05668934240362813 0.0967741935483871
0 0.8917233560090702 0.06249999999999999 0.06689342403628118 0.1129032258064516
0 0.8497732426303855 0.07056451612903224 0.06235827664399093 0.13306451612903222
0 0.7789115646258503 0.3991935483870968 0.03401360544217687 0.06048387096774194
0 0.7551020408163265 0.3951612903225806 0.03401360544217687 0.06048387096774194
0 0.7278911564625852 0.3891129032258065 0.03401360544217687 0.06048387096774194
0 0.6984126984126985 0.29032258064516125 0.03401360544217687 0.06048387096774194
0 0.6746031746031745 0.3165322580645162 0.03401360544217687 0.06048387096774194
