0 0.23723041997729852 0.3790322580645162 0.0681044267877412 0.12903225806451613
0 0.5817253121452893 0.22379032258064513 0.06696935300794551 0.12096774193548387
0 0.47389330306469923 0.3094758064516129 0.041997729852440394 0.07862903225806452
0 0.3303064699205449 0.25 0.04540295119182747 0.09274193548387095
0 0.3677639046538026 0.2701612903225806 0.03859250851305335 0.07661290322580645
0 0.6929625425652666 0.28427419354838707 0.041997729852440394 0.06854838709677419
0 0.7173666288308742 0.37802419354838707 0.0340522133938706 0.07862903225806452
0 0.8757094211123723 0.07560483870967742 0.06923950056753687 0.15120967741935484
0 0.8280363223609533 0.07560483870967741 0.05788876276958002 0.1391129032258064
0 0.7712826333711691 0.38407258064516125 0.028376844494892167 0.07459677419354839
0 0.7457434733257661 0.38810483870967744 0.031782065834279255 0.09072580645161311
0 0.2735527809307605 0.42137096774193544 0.04540295119182747 0.0967741935483871
0 0.3303064699205449 0.40524193548387105 0.04540295119182747 0.08870967741935484
0 0.1685584562996595 0.34274193548387105 0.06696935300794551 0.11693548387096774
0 0.6611804767309875 0.3064516129032258 0.039727582292849034 0.07661290322580645
