0 0.17176870748299322 0.34375000000000006 0.057823129251700675 0.09475806451612905
0 0.23752834467120182 0.37903225806451607 0.05328798185941043 0.10483870967741936
0 0.2704081632653061 0.4173387096774194 0.04875283446712018 0.09274193548387095
0 0.32709750566893425 0.41028225806451607 0.04421768707482993 0.07459677419354839
0 0.3458049886621315 0.2620967741935483 0.03401360544217687 0.06048387096774194
0 0.3645124716553287 0.2691532258064516 0.03741496598639456 0.06653225806451611
0 0.47845804988662133 0.3165322580645162 0.03401360544217687 0.06048387096774194
0 0.586734693877551 0.2258064516129032 0.05328798185941043 0.10887096774193548
0 0.8917233560090704 0.06754032258064514 0.07596371882086168 0.13104838709677416
0 0.8514739229024942 0.07157258064516127 0.061224489795918366 0.1391129032258064
0 0.7743764172335601 0.39112903225806456 0.03401360544217687 0.06048387096774194
0 0.7551020408163265 0.3951612903225806 0.03401360544217687 0.06048387096774194
0 0.7267573696145126 0.39112903225806456 0.03401360544217687 0.06048387096774194
0 0.6995464852607709 0.2862903225806452 0.03401360544217687 0.06048387096774194
0 0.6723356009070293 0.3145161290322581 0.03401360544217687 0.06048387096774194
