0 0.5822928490351873 0.21875 0.07264472190692395 0.15120967741935484
0 0.47729852440408627 0.3145161290322581 0.039727582292849034 0.06048387096774194
0 0.32973893303064705 0.2530241935483871 0.04426787741203178 0.08669354838709678
0 0.36435868331441557 0.2661290322580645 0.03178206583427923 0.06048387096774194
0 0.2417707150964813 0.375 0.07491486946651532 0.12903225806451613
0 0.8791146424517593 0.07661290322580645 0.08740068104426787 0.13709677419354838
0 0.8280363223609534 0.07459677419354839 0.05107832009080591 0.12096774193548387
0 0.699205448354143 0.2852822580645162 0.036322360953461974 0.07862903225806452
0 0.7179341657207717 0.3850806451612903 0.03745743473325766 0.08870967741935484
0 0.7741203178206584 0.3921370967741935 0.03859250851305335 0.09879032258064516
0 0.744608399545969 0.38306451612903225 0.0385925085130533 0.09274193548387114
0 0.3325766174801362 0.40725806451612906 0.04767309875141884 0.0846774193548387
0 0.27355278093076046 0.4233870967741936 0.040862656072644735 0.09274193548387095
0 0.1691259931895573 0.3356854838709677 0.06129398410896708 0.11491935483870969
0 0.6679909194097615 0.3074596774193548 0.039727582292849034 0.07056451612903228
