0 0.17233560090702948 0.36391129032258074 0.06802721088435373 0.12701612903225806
0 0.2409297052154195 0.3800403225806452 0.05555555555555555 0.12298387096774194
0 0.268140589569161 0.4193548387096774 0.05102040816326531 0.0967741935483871
0 0.3270975056689342 0.4122983870967742 0.03968253968253967 0.07459677419354839
0 0.3458049886621315 0.2560483870967742 0.03401360544217687 0.06048387096774194
0 0.3588435374149659 0.26411290322580644 0.03741496598639456 0.07661290322580645
0 0.47278911564625853 0.32862903225806456 0.03401360544217687 0.06048387096774194
0 0.5861678004535147 0.2278225806451613 0.05215419501133787 0.10483870967741936
0 0.8922902494331066 0.06653225806451613 0.07256235827664399 0.12096774193548387
0 0.8571428571428571 0.07157258064516127 0.06802721088435373 0.1391129032258064
0 0.701814058956916 0.29032258064516125 0.03401360544217687 0.06048387096774194
0 0.6768707482993196 0.3205645161290323 0.03401360544217687 0.06048387096774194
0 0.7766439909297052 0.39112903225806456 0.03401360544217687 0.06048387096774194
0 0.7562358276643991 0.3951612903225806 0.03401360544217687 0.06048387096774194
0 0.7301587301587301 0.3850806451612903 0.03401360544217687 0.06048387096774194
