0 0.1717687074829932 0.34475806451612906 0.060090702947845805 0.10080645161290322
0 0.2437641723356009 0.37399193548387094 0.05668934240362813 0.11491935483870969
0 0.27267573696145125 0.4112903225806452 0.03968253968253967 0.10483870967741936
0 0.3293650793650793 0.40524193548387094 0.04195011337868481 0.08064516129032258
0 0.346938775510204 0.25201612903225806 0.03401360544217687 0.06048387096774194
0 0.36904761904761907 0.2560483870967742 0.035147392290249435 0.06854838709677419
0 0.47732426303854875 0.3104838709677418 0.03401360544217687 0.06048387096774194
0 0.5867346938775511 0.21975806451612903 0.05555555555555555 0.11693548387096774
0 0.8951247165532881 0.06854838709677419 0.0782312925170068 0.11693548387096774
0 0.8526077097505669 0.06653225806451611 0.06349206349206349 0.13306451612903222
0 0.7777777777777777 0.3870967741935484 0.03401360544217687 0.06048387096774194
0 0.753968253968254 0.3870967741935484 0.03401360544217687 0.06048387096774194
0 0.7301587301587301 0.38306451612903225 0.03401360544217687 0.06048387096774194
0 0.6995464852607709 0.27419354838709675 0.03401360544217687 0.06048387096774194
0 0.6723356009070293 0.3185483870967742 0.03401360544217687 0.06048387096774194
