0 0.23723041997729855 0.37701612903225806 0.059023836549375715 0.10483870967741936
0 0.170261066969353 0.33971774193548393 0.056753688989784334 0.09879032258064516
0 0.26787741203178206 0.4173387096774194 0.04540295119182747 0.10483870967741936
0 0.32576617480136205 0.40826612903225806 0.04767309875141884 0.0907258064516129
0 0.333144154370034 0.25201612903225806 0.039727582292849034 0.08064516129032258
0 0.36379114642451765 0.26411290322580644 0.03064699205448354 0.07258064516129034
0 0.4750283768444947 0.30846774193548376 0.03745743473325766 0.0564516129032258
0 0.5811577752553916 0.21875 0.056753688989784334 0.10685483870967742
0 0.6963677639046537 0.2782258064516129 0.039727582292849034 0.06048387096774194
0 0.6679909194097615 0.3114919354838709 0.039727582292849034 0.06653225806451611
0 0.775255391600454 0.3901209677419355 0.036322360953461974 0.06653225806451611
0 0.7508513053348467 0.3941532258064517 0.03518728717366629 0.06653225806451611
0 0.724744608399546 0.3991935483870968 0.03745743473325766 0.0846774193548387
0 0.8688989784335982 0.06754032258064517 0.06696935300794551 0.11895161290322581
0 0.8342792281498297 0.07258064516129031 0.05448354143019296 0.11693548387096774
