0 0.2437641723356009 0.3810483870967742 0.05442176870748299 0.11693548387096774
0 0.17800453514739228 0.34879032258064513 0.06575963718820861 0.10887096774193551
0 0.27210884353741494 0.40725806451612906 0.04308390022675737 0.10080645161290322
0 0.33163265306122447 0.40524193548387094 0.04421768707482993 0.08064516129032258
0 0.34183673469387765 0.2540322580645161 0.035147392290249435 0.07258064516129034
0 0.36451247165532885 0.2610887096774193 0.032879818594104306 0.06653225806451611
0 0.47278911564625853 0.310483870967742 0.03401360544217687 0.0564516129032258
0 0.5804988662131519 0.22076612903225803 0.049886621315192746 0.11088709677419355
0 0.7023809523809524 0.28326612903225806 0.03968253968253967 0.0625
0 0.6695011337868481 0.3024193548387097 0.032879818594104306 0.06854838709677419
0 0.8900226757369615 0.05745967741935483 0.06575963718820861 0.11088709677419355
0 0.8492063492063493 0.07056451612903225 0.049886621315192746 0.13709677419354838
0 0.7738095238095235 0.3901209677419355 0.030612244897959183 0.07056451612903228
0 0.7545351473922902 0.39112903225806456 0.030612244897959183 0.06048387096774194
0 0.7267573696145125 0.3860887096774194 0.036281179138321996 0.07459677419354839
