0 0.17120181405895693 0.3467741935483872 0.06575963718820861 0.10080645161290322
0 0.23696145124716556 0.37802419354838707 0.061224489795918366 0.13104838709677416
0 0.27210884353741494 0.4112903225806452 0.045351473922902494 0.10887096774193548
0 0.32936507936507936 0.40423387096774194 0.046485260770975055 0.08266129032258064
0 0.3401360544217687 0.25201612903225806 0.049886621315192746 0.08064516129032258
0 0.3684807256235827 0.26411290322580644 0.031746031746031744 0.06854838709677419
0 0.4722222222222222 0.310483870967742 0.030612244897959183 0.04838709677419355
0 0.5827664399092971 0.22379032258064513 0.05668934240362813 0.10887096774193548
0 0.6984126984126985 0.2923387096774194 0.04081632653061225 0.06451612903225806
0 0.6660997732426304 0.3054435483870968 0.04195011337868481 0.07056451612903228
0 0.7732426303854875 0.3901209677419355 0.031746031746031744 0.06653225806451611
0 0.7534013605442175 0.3870967741935484 0.035147392290249435 0.06048387096774194
0 0.7227891156462586 0.38508064516129037 0.03741496598639456 0.07258064516129034
0 0.8747165532879819 0.06149193548387097 0.0691609977324263 0.1028225806451613
0 0.8435374149659863 0.05443548387096774 0.05895691609977324 0.0967741935483871
