0 0.17233560090702948 0.3508064516129032 0.05895691609977324 0.10483870967741936
0 0.24206349206349206 0.38104838709677424 0.04875283446712018 0.1129032258064516
0 0.2715419501133786 0.41330645161290325 0.05102040816326531 0.10887096774193548
0 0.3287981859410431 0.41733870967741943 0.036281179138321996 0.07661290322580645
0 0.3492063492063492 0.2540322580645161 0.03401360544217687 0.06048387096774194
0 0.36791383219954654 0.26512096774193544 0.032879818594104306 0.06653225806451611
0 0.4761904761904762 0.3155241935483872 0.036281179138321996 0.05040322580645161
0 0.5895691609977324 0.22379032258064513 0.049886621315192746 0.10887096774193548
0 0.8962585034013606 0.06653225806451613 0.0782312925170068 0.125
0 0.8537414965986394 0.06955645161290322 0.05895691609977324 0.12701612903225806
0 0.7811791383219955 0.3951612903225806 0.03401360544217687 0.06048387096774194
0 0.7585034013605444 0.39112903225806456 0.03401360544217687 0.06048387096774194
0 0.7312925170068028 0.3870967741935484 0.03401360544217687 0.06048387096774194
0 0.7006802721088435 0.28225806451612906 0.03401360544217687 0.06048387096774194
0 0.6723356009070295 0.3165322580645161 0.03401360544217687 0.06048387096774194
