0 0.17290249433106578 0.3538306451612903 0.060090702947845805 0.1028225806451613
0 0.2448979591836735 0.37701612903225806 0.05668934240362813 0.1129032258064516
0 0.2698412698412698 0.4173387096774194 0.049886621315192746 0.10483870967741936
0 0.33049886621315183 0.40524193548387094 0.04421768707482993 0.08064516129032258
0 0.3463718820861677 0.26411290322580644 0.03741496598639456 0.06854838709677419
0 0.3622448979591837 0.26814516129032256 0.035147392290249435 0.07258064516129034
0 0.47845804988662133 0.3225806451612903 0.03401360544217687 0.06048387096774194
0 0.5816326530612244 0.2167338709677419 0.047619047619047616 0.1028225806451613
0 0.6995464852607709 0.29032258064516125 0.03401360544217687 0.06048387096774194
0 0.6757369614512472 0.3225806451612903 0.03401360544217687 0.06048387096774194
0 0.7789115646258503 0.3891129032258065 0.03401360544217687 0.06048387096774194
0 0.7596371882086167 0.39112903225806456 0.03401360544217687 0.06048387096774194
0 0.7312925170068028 0.38104838709677424 0.03401360544217687 0.06048387096774194
0 0.8968253968253969 0.0594758064516129 0.06575963718820861 0.11088709677419355
0 0.8526077097505669 0.06350806451612903 0.061224489795918366 0.11491935483870969
