0 0.1717687074829932 0.34274193548387094 0.0691609977324263 0.10887096774193548
0 0.24263038548752835 0.37903225806451607 0.05442176870748299 0.11693548387096774
0 0.27210884353741494 0.4092741935483871 0.045351473922902494 0.10483870967741936
0 0.33049886621315183 0.40524193548387094 0.04421768707482993 0.08064516129032258
0 0.3356009070294785 0.24697580645161288 0.04081632653061225 0.07862903225806452
0 0.36281179138321984 0.2560483870967742 0.03401360544217687 0.06048387096774194
0 0.4699546485260771 0.31250000000000006 0.035147392290249435 0.0564516129032258
0 0.5833333333333333 0.22479838709677416 0.05328798185941043 0.11088709677419355
0 0.7001133786848075 0.2913306451612903 0.04195011337868481 0.07862903225806452
0 0.6626984126984129 0.3104838709677418 0.03741496598639456 0.0846774193548387
0 0.7755102040816326 0.3860887096774194 0.036281179138321996 0.07862903225806452
0 0.7539682539682542 0.3891129032258065 0.038548752834467105 0.08064516129032258
0 0.7250566893424035 0.3850806451612903 0.03968253968253967 0.0846774193548387
0 0.8798185941043084 0.06451612903225806 0.07482993197278912 0.11693548387096774
0 0.8480725623582767 0.06754032258064516 0.05668934240362813 0.11491935483870969
