0 0.2443310657596372 0.3800403225806452 0.057823129251700675 0.11088709677419355
0 0.17517006802721088 0.3538306451612903 0.06462585034013606 0.11088709677419355
0 0.2692743764172335 0.4143145161290323 0.046485260770975055 0.0907258064516129
0 0.3299319727891155 0.41129032258064513 0.04308390022675737 0.07661290322580645
0 0.3458049886621315 0.2560483870967742 0.03401360544217687 0.06048387096774194
0 0.35884353741496594 0.2711693548387097 0.035147392290249435 0.07056451612903228
0 0.47732426303854875 0.3185483870967742 0.03401360544217687 0.06048387096774194
0 0.5856009070294784 0.22278225806451613 0.05555555555555555 0.1028225806451613
0 0.6961451247165534 0.29032258064516125 0.03401360544217687 0.06048387096774194
0 0.6723356009070293 0.3145161290322581 0.03401360544217687 0.06048387096774194
0 0.7755102040816324 0.3870967741935484 0.03401360544217687 0.06048387096774194
0 0.7562358276643991 0.39314516129032256 0.03401360544217687 0.06048387096774194
0 0.7267573696145126 0.3891129032258065 0.03401360544217687 0.06048387096774194
0 0.8979591836734693 0.0655241935483871 0.06802721088435373 0.11088709677419355
0 0.857142857142857 0.06653225806451613 0.06349206349206349 0.125
