0 0.2409297052154195 0.37701612903225806 0.060090702947845805 0.12096774193548387
0 0.2715419501133787 0.4163306451612903 0.03741496598639456 0.11895161290322581
0 0.17120181405895693 0.3508064516129032 0.061224489795918366 0.10483870967741936
0 0.33163265306122447 0.40524193548387094 0.04421768707482993 0.08064516129032258
0 0.34410430839002276 0.2550403225806452 0.03968253968253967 0.07459677419354839
0 0.3656462585034014 0.26310483870967744 0.028344671201814064 0.07056451612903228
0 0.47278911564625853 0.310483870967742 0.036281179138321996 0.0564516129032258
0 0.5833333333333333 0.2247983870967742 0.05328798185941043 0.11895161290322581
0 0.7018140589569158 0.28830645161290325 0.04308390022675737 0.07258064516129034
0 0.6689342403628118 0.30342741935483863 0.045351473922902494 0.08266129032258064
0 0.778344671201814 0.3951612903225806 0.04421768707482993 0.08064516129032258
0 0.7573696145124714 0.3921370967741935 0.04308390022675737 0.07459677419354839
0 0.7278911564625848 0.377016129032258 0.045351473922902494 0.07661290322580645
0 0.8860544217687075 0.0564516129032258 0.07142857142857144 0.10887096774193548
0 0.8469387755102039 0.06552419354838708 0.05668934240362813 0.13104838709677416
