0 0.17233560090702948 0.34979838709677424 0.05895691609977324 0.0907258064516129
0 0.2437641723356009 0.38407258064516125 0.05215419501133787 0.10685483870967742
0 0.26870748299319724 0.41431451612903225 0.047619047619047616 0.09879032258064516
0 0.32936507936507936 0.40725806451612906 0.04421768707482993 0.06451612903225806
0 0.3492063492063492 0.2600806451612903 0.03401360544217687 0.06048387096774194
0 0.36621315192743753 0.26411290322580644 0.03401360544217687 0.06854838709677419
0 0.47732426303854875 0.3225806451612903 0.03401360544217687 0.06048387096774194
0 0.5861678004535148 0.2247983870967742 0.047619047619047616 0.10685483870967742
0 0.8996598639455782 0.06149193548387097 0.07142857142857144 0.11491935483870969
0 0.8475056689342404 0.07358870967741934 0.05328798185941043 0.1471774193548387
0 0.7777777777777777 0.39717741935483875 0.03401360544217687 0.06048387096774194
0 0.7585034013605444 0.3951612903225806 0.03401360544217687 0.06048387096774194
0 0.7278911564625852 0.3891129032258065 0.03401360544217687 0.06048387096774194
0 0.6984126984126985 0.29838709677419356 0.03401360544217687 0.06048387096774194
0 0.6734693877551018 0.31451612903225806 0.03401360544217687 0.06048387096774194
