0 0.24233825198637912 0.37298387096774194 0.0601589103291714 0.1129032258064516
0 0.17366628830874006 0.3477822580645162 0.059023836549375715 0.11088709677419355
0 0.2690124858115777 0.41532258064516125 0.040862656072644735 0.0967741935483871
0 0.3274687854710556 0.40625 0.041997729852440394 0.08266129032258064
0 0.33541430192962546 0.2530241935483871 0.05107832009080591 0.08266129032258064
0 0.36435868331441545 0.2691532258064516 0.036322360953461974 0.06653225806451611
0 0.47332576617480143 0.3185483870967742 0.040862656072644735 0.06048387096774194
0 0.5817253121452896 0.2167338709677419 0.05107832009080591 0.09879032258064516
0 0.695800227014756 0.2872983870967742 0.03178206583427923 0.0625
0 0.8677639046538026 0.06653225806451613 0.0601589103291714 0.10080645161290322
0 0.8359818388195233 0.0655241935483871 0.04426787741203178 0.0907258064516129
0 0.7741203178206583 0.39314516129032256 0.040862656072644735 0.07661290322580645
0 0.7497162315550512 0.3891129032258065 0.03745743473325766 0.06451612903225806
0 0.7190692395005676 0.38205645161290325 0.03518728717366629 0.07056451612903228
0 0.6645856980703745 0.31955645161290325 0.039727582292849034 0.07056451612903228
