0 0.24319727891156462 0.37701612903225806 0.060090702947845805 0.12096774193548387
0 0.17687074829931973 0.3467741935483871 0.06802721088435373 0.10887096774193548
0 0.2709750566893424 0.40322580645161293 0.04308390022675737 0.10887096774193548
0 0.3299319727891157 0.39818548387096775 0.04081632653061225 0.07862903225806452
0 0.34070294784580496 0.25000000000000006 0.03968253968253967 0.07661290322580645
0 0.3639455782312925 0.2600806451612903 0.03401360544217687 0.07258064516129034
0 0.47505668934240364 0.31350806451612895 0.04081632653061225 0.0625
0 0.5839002267573696 0.21875 0.05668934240362813 0.11491935483870969
0 0.7012471655328799 0.27923387096774194 0.04421768707482993 0.07056451612903228
0 0.6689342403628118 0.30443548387096775 0.045351473922902494 0.08064516129032258
0 0.7738095238095238 0.38810483870967744 0.035147392290249435 0.0625
0 0.7551020408163265 0.39112903225806456 0.045351473922902494 0.07258064516129034
0 0.7273242630385488 0.3891129032258065 0.03968253968253967 0.07661290322580645
0 0.8866213151927438 0.06048387096774193 0.06349206349206349 0.10887096774193548
0 0.8520408163265306 0.06854838709677419 0.057823129251700675 0.13709677419354838
