0 0.24517593643586832 0.3790322580645162 0.06129398410896708 0.125
0 0.17196367763904655 0.34375000000000006 0.06469920544835414 0.11895161290322581
0 0.27298524404086266 0.4092741935483871 0.039727582292849034 0.0967741935483871
0 0.32576617480136205 0.40524193548387094 0.05221339387060159 0.08870967741935484
0 0.33314415437003403 0.25100806451612906 0.04426787741203178 0.08266129032258064
0 0.3660612939841089 0.2631048387096774 0.03745743473325766 0.07459677419354839
0 0.4750283768444949 0.31149193548387105 0.03518728717366629 0.05846774193548387
0 0.5834279228149829 0.22681451612903225 0.05221339387060159 0.11491935483870969
0 0.6986379114642451 0.2842741935483871 0.03745743473325766 0.06451612903225806
0 0.6685584562996594 0.3074596774193548 0.040862656072644735 0.07459677419354839
0 0.7735527809307602 0.39717741935483875 0.032917139614074914 0.07258064516129034
0 0.750851305334847 0.3921370967741935 0.03745743473325766 0.07862903225806452
0 0.7219069239500567 0.3870967741935484 0.0340522133938706 0.08064516129032258
0 0.8688989784335979 0.06350806451612905 0.06923950056753714 0.10685483870967742
0 0.8359818388195233 0.06451612903225806 0.04426787741203178 0.11693548387096774
