0 0.24433106575963706 0.37499999999999994 0.04875283446712035 0.10887096774193554
0 0.17403628117913833 0.34576612903225806 0.06462585034013606 0.10685483870967742
0 0.2755102040816327 0.4092741935483871 0.04081632653061225 0.10080645161290322
0 0.32936507936507936 0.40221774193548393 0.03968253968253967 0.07056451612903228
0 0.3435374149659864 0.2479838709677419 0.03401360544217687 0.06048387096774194
0 0.3616780045351473 0.2610887096774194 0.031746031746031744 0.0625
0 0.47732426303854875 0.3225806451612903 0.03401360544217687 0.06048387096774194
0 0.5901360544217686 0.22479838709677416 0.053287981859410444 0.10282258064516135
0 0.6961451247165534 0.28427419354838707 0.03401360544217687 0.06048387096774194
0 0.6678004535147392 0.3084677419354838 0.03401360544217687 0.06048387096774194
0 0.7800453514739228 0.3870967741935484 0.03401360544217687 0.06048387096774194
0 0.7551020408163265 0.38306451612903225 0.03401360544217687 0.06048387096774194
0 0.7301587301587301 0.3790322580645162 0.03401360544217687 0.06048387096774194
0 0.9002267573696144 0.06048387096774193 0.07256235827664399 0.10887096774193548
0 0.8571428571428571 0.06754032258064514 0.06802721088435373 0.13104838709677416
