0 0.17120181405895693 0.34274193548387105 0.06575963718820861 0.1129032258064516
0 0.24263038548752835 0.3719758064516129 0.05442176870748299 0.12298387096774194
0 0.27380952380952384 0.4112903225806452 0.04195011337868481 0.10080645161290322
0 0.3299319727891155 0.40625 0.04308390022675737 0.07862903225806452
0 0.33503401360544216 0.25100806451612906 0.03968253968253967 0.08266129032258064
0 0.3605442176870748 0.2620967741935484 0.036281179138321996 0.07661290322580645
0 0.47165532879818595 0.310483870967742 0.03401360544217687 0.0564516129032258
0 0.5821995464852607 0.21975806451612903 0.05102040816326531 0.10887096774193548
0 0.7001133786848075 0.2883064516129032 0.04195011337868481 0.06854838709677419
0 0.6689342403628118 0.3094758064516129 0.047619047619047616 0.07862903225806452
0 0.7743764172335601 0.40020161290322576 0.03401360544217687 0.07459677419354839
0 0.7511337868480724 0.3921370967741936 0.035147392290249435 0.07056451612903228
0 0.7273242630385488 0.37802419354838707 0.03741496598639456 0.07459677419354839
0 0.8713151927437641 0.0655241935483871 0.0691609977324263 0.12701612903225806
0 0.8418367346938775 0.06350806451612903 0.04875283446712018 0.11491935483870969
