0 0.17063492063492064 0.34475806451612906 0.06235827664399093 0.10483870967741936
0 0.24206349206349206 0.3800403225806452 0.05102040816326531 0.11088709677419355
0 0.268140589569161 0.4102822580645162 0.04875283446712018 0.09475806451612905
0 0.3304988662131519 0.4173387096774194 0.03968253968253967 0.07258064516129034
0 0.3458049886621315 0.25806451612903225 0.03401360544217687 0.06048387096774194
0 0.3622448979591836 0.2600806451612903 0.032879818594104306 0.06451612903225806
0 0.48072562358276644 0.3225806451612903 0.03401360544217687 0.06048387096774194
0 0.5884353741496599 0.22379032258064513 0.05215419501133787 0.12096774193548387
0 0.7006802721088435 0.2862903225806452 0.03401360544217687 0.06048387096774194
0 0.6723356009070293 0.3185483870967742 0.03401360544217687 0.06048387096774194
0 0.8962585034013606 0.0655241935483871 0.07596371882086168 0.11088709677419355
0 0.8486394557823129 0.0715725806451613 0.05328798185941043 0.12701612903225806
0 0.7800453514739228 0.39112903225806456 0.03401360544217687 0.06048387096774194
0 0.7585034013605444 0.3991935483870968 0.03401360544217687 0.06048387096774194
0 0.7244897959183674 0.3870967741935484 0.03401360544217687 0.06048387096774194
