0 0.17233560090702948 0.3598790322580645 0.061224489795918366 0.10685483870967742
0 0.2380952380952381 0.3800403225806452 0.05442176870748299 0.11088709677419355
0 0.26870748299319724 0.4163306451612903 0.047619047619047616 0.1028225806451613
0 0.32936507936507936 0.4102822580645162 0.04875283446712018 0.08669354838709678
0 0.3458049886621315 0.2620967741935484 0.03401360544217687 0.06048387096774194
0 0.3582766439909297 0.27217741935483875 0.031746031746031744 0.07258064516129034
0 0.481859410430839 0.3185483870967742 0.03401360544217687 0.06048387096774194
0 0.5873015873015872 0.22782258064516128 0.05215419501133787 0.1129032258064516
0 0.8911564625850339 0.06754032258064516 0.06802721088435373 0.11491935483870969
0 0.8526077097505669 0.0725806451612903 0.061224489795918366 0.13306451612903222
0 0.6961451247165534 0.29032258064516125 0.03401360544217687 0.06048387096774194
0 0.671201814058957 0.3225806451612903 0.03401360544217687 0.06048387096774194
0 0.7766439909297052 0.3951612903225806 0.03401360544217687 0.06048387096774194
0 0.7551020408163265 0.39112903225806456 0.03401360544217687 0.06048387096774194
0 0.7301587301587301 0.3870967741935484 0.03401360544217687 0.06048387096774194
