0 0.17233560090702948 0.34778225806451624 0.06349206349206349 0.1028225806451613
0 0.2437641723356009 0.3780241935483871 0.047619047619047616 0.10685483870967742
0 0.27097505668934235 0.40826612903225806 0.049886621315192746 0.09879032258064516
0 0.3333333333333332 0.41229838709677424 0.049886621315192746 0.0907258064516129
0 0.3458049886621315 0.2540322580645161 0.03401360544217687 0.06048387096774194
0 0.3633786848072561 0.25806451612903225 0.03968253968253967 0.07258064516129034
0 0.47845804988662133 0.3225806451612903 0.03401360544217687 0.06048387096774194
0 0.586734693877551 0.22782258064516125 0.057823129251700675 0.1129032258064516
0 0.8922902494331066 0.06754032258064517 0.07482993197278912 0.11895161290322581
0 0.8537414965986394 0.06754032258064516 0.06349206349206349 0.12298387096774194
0 0.7789115646258503 0.4032258064516129 0.03401360544217687 0.06048387096774194
0 0.751700680272109 0.4012096774193548 0.03401360544217687 0.06048387096774194
0 0.7301587301587301 0.3891129032258065 0.03401360544217687 0.06048387096774194
0 0.6995464852607709 0.2862903225806452 0.03401360544217687 0.06048387096774194
0 0.671201814058957 0.3225806451612903 0.03401360544217687 0.06048387096774194
