0 0.5866738894907902 0.23410404624277448 0.06175514626218837 0.10982658959537579
0 0.4775247662649092 0.3018752074194617 0.036707864666968605 0.07598066526189334
0 0.8808234019501601 0.07032755298651168 0.0736728060671733 0.14065510597302336
0 0.3282773564463705 0.24662813102119457 0.04333694474539544 0.09248554913294797
0 0.23889490790899237 0.36801541425818884 0.05525460455037919 0.11946050096339114
0 0.6998916576381364 0.28034682080924855 0.047670639219934995 0.0789980732177264
0 0.7156013001083424 0.3824662813102119 0.027085590465872156 0.09441233140655106
0 0.7437186640316884 0.3969171483622349 0.03193578655201946 0.09633911368015413
0 0.7681473456121344 0.4026974951830444 0.030335861321776812 0.10789980732177265
0 0.8353196099674974 0.07129094412331406 0.05200433369447454 0.1348747591522158
0 0.36152099886492634 0.2620967741935484 0.04426787741203178 0.08064516129032258
0 0.3274687854710556 0.40625 0.046538024971623154 0.08669354838709678
0 0.26787741203178217 0.4022177419354838 0.05221339387060162 0.11491935483870938
0 0.16969353007945515 0.3356854838709678 0.07377979568671963 0.10685483870967742
0 0.6623155505107832 0.3125 0.041997729852440394 0.07661290322580645
