0 0.2417707150964813 0.3790322580645162 0.059023836549375715 0.125
0 0.17253121452894432 0.3487903225806452 0.0681044267877412 0.12903225806451613
0 0.32746878547105573 0.408266129032258 0.05788876276958002 0.07459677419354839
0 0.2741203178206584 0.41431451612903225 0.03745743473325766 0.09879032258064516
0 0.3314415437003405 0.25201612903225806 0.04313280363223608 0.07661290322580645
0 0.3643586833144154 0.2651209677419355 0.0340522133938706 0.07056451612903228
0 0.4784335981838819 0.3155241935483872 0.041997729852440394 0.0625
0 0.5845629965947786 0.22278225806451613 0.05448354143019296 0.12298387096774194
0 0.7014755959137343 0.2852822580645162 0.04767309875141884 0.07056451612903228
0 0.6611804767309876 0.3094758064516128 0.04426787741203178 0.06653225806451611
0 0.7190692395005676 0.3850806451612903 0.032917139614074914 0.08870967741935484
0 0.7434733257661746 0.3931451612903226 0.036322360953461974 0.0846774193548387
0 0.7656072644721906 0.3891129032258065 0.03518728717366629 0.07258064516129034
0 0.8825198637911464 0.06149193548387096 0.08286038592508513 0.11088709677419355
0 0.8456299659477867 0.06653225806451613 0.059023836549375715 0.12903225806451613
