0 0.1689342403628118 0.3508064516129032 0.06575963718820861 0.125
0 0.2414965986394558 0.37701612903225806 0.05895691609977324 0.12096774193548387
0 0.2715419501133786 0.4112903225806452 0.04195011337868481 0.10887096774193548
0 0.3304988662131519 0.4002016129032258 0.03968253968253967 0.07056451612903228
0 0.3378684807256237 0.24899193548387097 0.036281179138321996 0.07056451612903228
0 0.36451247165532874 0.2600806451612903 0.028344671201814064 0.06451612903225806
0 0.471655328798186 0.31149193548387105 0.031746031746031744 0.05443548387096774
0 0.5799319727891156 0.22479838709677416 0.04875283446712018 0.11088709677419355
0 0.698979591836735 0.28931451612903225 0.03968253968253967 0.07056451612903228
0 0.6672335600907031 0.30947580645161293 0.04875283446712018 0.08266129032258064
0 0.7738095238095238 0.3870967741935484 0.032879818594104306 0.06854838709677419
0 0.7528344671201816 0.3941532258064517 0.036281179138321996 0.07056451612903228
0 0.7188208616780046 0.38911290322580655 0.031746031746031744 0.06854838709677419
0 0.8820861678004536 0.0594758064516129 0.06349206349206349 0.11088709677419355
0 0.8435374149659864 0.05342741935483871 0.05668934240362813 0.10685483870967742
