0 0.17290249433106578 0.3518145161290323 0.057823129251700675 0.1028225806451613
0 0.24206349206349206 0.37701612903225806 0.046485260770975055 0.10483870967741936
0 0.2732426303854875 0.4173387096774194 0.04308390022675737 0.10483870967741936
0 0.3299319727891155 0.4102822580645162 0.04308390022675737 0.08669354838709678
0 0.346938775510204 0.25201612903225806 0.03401360544217687 0.06048387096774194
0 0.3616780045351473 0.2600806451612903 0.036281179138321996 0.07661290322580645
0 0.48299319727891155 0.3225806451612903 0.03401360544217687 0.06048387096774194
0 0.5827664399092971 0.22681451612903225 0.05442176870748299 0.11491935483870969
0 0.7006802721088435 0.29032258064516125 0.03401360544217687 0.06048387096774194
0 0.6700680272108843 0.3245967741935484 0.03401360544217687 0.06048387096774194
0 0.7766439909297052 0.39314516129032256 0.03401360544217687 0.06048387096774194
0 0.7551020408163265 0.3891129032258065 0.03401360544217687 0.06048387096774194
0 0.7278911564625852 0.3790322580645162 0.03401360544217687 0.06048387096774194
0 0.8945578231292517 0.07056451612903226 0.07482993197278912 0.12096774193548387
0 0.850907029478458 0.06653225806451611 0.057823129251700675 0.13306451612903222
