0 0.17346938775510204 0.35282258064516125 0.06349206349206349 0.10887096774193548
0 0.2437641723356009 0.3891129032258064 0.05668934240362813 0.1129032258064516
0 0.2709750566893424 0.4264112903225806 0.04308390022675737 0.10685483870967742
0 0.33333333333333326 0.41330645161290325 0.04308390022675737 0.07258064516129034
0 0.346938775510204 0.25806451612903225 0.03401360544217687 0.06048387096774194
0 0.36167800453514737 0.2701612903225806 0.03401360544217687 0.06854838709677419
0 0.4761904761904763 0.3225806451612903 0.03401360544217687 0.06048387096774194
0 0.5844671201814059 0.2258064516129032 0.057823129251700675 0.10887096774193548
0 0.8968253968253969 0.0655241935483871 0.06575963718820861 0.11491935483870969
0 0.854875283446712 0.06653225806451613 0.06349206349206349 0.12903225806451613
0 0.7755102040816324 0.39717741935483875 0.03401360544217687 0.06048387096774194
0 0.753968253968254 0.3951612903225806 0.03401360544217687 0.06048387096774194
0 0.7312925170068028 0.3891129032258065 0.03401360544217687 0.06048387096774194
0 0.6995464852607709 0.2883064516129032 0.03401360544217687 0.06048387096774194
0 0.6723356009070293 0.3306451612903226 0.03401360544217687 0.06048387096774194
