0 0.2383654937570942 0.3820564516129032 0.06129398410896708 0.1471774193548387
0 0.3314415437003405 0.25100806451612906 0.05448354143019296 0.09879032258064516
0 0.5896708286038591 0.2258064516129032 0.05561861520998865 0.125
0 0.4761634506242906 0.3114919354838709 0.04426787741203178 0.07056451612903228
0 0.8711691259931894 0.06653225806451615 0.06696935300794526 0.12903225806451618
0 0.8365493757094211 0.07862903225806452 0.059023836549375715 0.13709677419354838
0 0.6980703745743472 0.2923387096774194 0.04540295119182747 0.08870967741935484
0 0.7735527809307605 0.3931451612903226 0.03518728717366629 0.0846774193548387
0 0.7485811577752554 0.3921370967741936 0.03518728717366629 0.08266129032258064
0 0.7219069239500565 0.3941532258064517 0.036322360953461974 0.0907258064516129
0 0.36833144154370023 0.2620967741935484 0.032917139614074914 0.07661290322580645
0 0.16799091940976163 0.33266129032258057 0.07264472190692395 0.1129032258064516
0 0.2746878547105562 0.41431451612903225 0.03859250851305335 0.09879032258064516
0 0.6600454029511919 0.311491935483871 0.041997729852440394 0.08669354838709678
0 0.32179341657207716 0.41129032258064513 0.046538024971623154 0.10080645161290322
