0 0.17573696145124718 0.35282258064516125 0.061224489795918366 0.10080645161290322
0 0.2465986394557823 0.37701612903225806 0.05555555555555555 0.1129032258064516
0 0.2709750566893424 0.4183467741935484 0.045351473922902494 0.09879032258064516
0 0.326530612244898 0.4012096774193548 0.03401360544217687 0.06048387096774194
0 0.3480725623582765 0.25806451612903225 0.03401360544217687 0.06048387096774194
0 0.36394557823129253 0.25806451612903225 0.038548752834467105 0.06854838709677419
0 0.47732426303854875 0.3225806451612903 0.03401360544217687 0.06048387096774194
0 0.5844671201814059 0.21975806451612903 0.05102040816326531 0.0967741935483871
0 0.6995464852607709 0.29032258064516125 0.03401360544217687 0.06048387096774194
0 0.6734693877551018 0.3205645161290323 0.03401360544217687 0.06048387096774194
0 0.7789115646258503 0.39314516129032256 0.03401360544217687 0.06048387096774194
0 0.753968253968254 0.3870967741935484 0.03401360544217687 0.06048387096774194
0 0.7324263038548754 0.3870967741935484 0.03401360544217687 0.06048387096774194
0 0.9007936507936507 0.0655241935483871 0.07142857142857144 0.11491935483870969
0 0.858843537414966 0.07056451612903225 0.07369614512471653 0.13709677419354838
