0 0.1717687074829932 0.34173387096774194 0.060090702947845805 0.09879032258064516
0 0.2409297052154195 0.37399193548387094 0.057823129251700675 0.11088709677419355
0 0.27267573696145125 0.40725806451612906 0.04875283446712018 0.10080645161290322
0 0.3299319727891157 0.40322580645161293 0.038548752834467105 0.07258064516129034
0 0.346938775510204 0.25806451612903225 0.03401360544217687 0.06048387096774194
0 0.3599773242630386 0.2610887096774194 0.030612244897959183 0.0625
0 0.47732426303854875 0.3185483870967742 0.03401360544217687 0.06048387096774194
0 0.5850340136054422 0.2167338709677419 0.049886621315192746 0.09879032258064516
0 0.7006802721088435 0.2943548387096774 0.03401360544217687 0.06048387096774194
0 0.6678004535147392 0.3145161290322581 0.03401360544217687 0.06048387096774194
0 0.7766439909297052 0.39112903225806456 0.03401360544217687 0.06048387096774194
0 0.7562358276643991 0.39314516129032256 0.03401360544217687 0.06048387096774194
0 0.7267573696145126 0.375 0.03401360544217687 0.06048387096774194
0 0.9041950113378685 0.0594758064516129 0.0782312925170068 0.11491935483870969
0 0.8560090702947847 0.06854838709677417 0.06575963718820861 0.13306451612903222
