0 0.17233560090702946 0.35181451612903225 0.06575963718820861 0.11895161290322581
0 0.2409297052154195 0.37600806451612906 0.05555555555555555 0.12298387096774194
0 0.2732426303854875 0.40826612903225806 0.04308390022675737 0.10685483870967742
0 0.3287981859410431 0.40826612903225806 0.047619047619047616 0.08669354838709678
0 0.3435374149659865 0.25000000000000006 0.038548752834467105 0.07661290322580645
0 0.3622448979591837 0.2671370967741935 0.035147392290249435 0.08266129032258064
0 0.47278911564625853 0.31250000000000006 0.03401360544217687 0.06048387096774194
0 0.5844671201814059 0.22379032258064516 0.05102040816326531 0.1129032258064516
0 0.9007936507936507 0.06754032258064516 0.0691609977324263 0.12701612903225806
0 0.850907029478458 0.0816532258064516 0.05555555555555555 0.1471774193548387
0 0.7749433106575961 0.39012096774193544 0.032879818594104306 0.07459677419354839
0 0.7534013605442178 0.3891129032258065 0.028344671201814064 0.06451612903225806
0 0.7261904761904762 0.38306451612903225 0.03741496598639456 0.07661290322580645
0 0.7001133786848073 0.28125 0.04421768707482993 0.07056451612903228
0 0.6678004535147392 0.3054435483870967 0.045351473922902494 0.07459677419354839
