0 0.24546485260770975 0.38004032258064513 0.060090702947845805 0.11491935483870969
0 0.272108843537415 0.40221774193548393 0.049886621315192746 0.1028225806451613
0 0.1712018140589569 0.3467741935483872 0.06349206349206349 0.10080645161290322
0 0.3310657596371881 0.3991935483870968 0.03401360544217687 0.06048387096774194
0 0.3435374149659864 0.2540322580645161 0.03401360544217687 0.06048387096774194
0 0.36167800453514737 0.2620967741935484 0.03401360544217687 0.06854838709677419
0 0.47732426303854875 0.3165322580645162 0.03401360544217687 0.06048387096774194
0 0.585034013605442 0.2247983870967742 0.061224489795918366 0.11895161290322581
0 0.6961451247165534 0.29032258064516125 0.03401360544217687 0.06048387096774194
0 0.6700680272108843 0.30645161290322576 0.03401360544217687 0.06048387096774194
0 0.7766439909297052 0.39314516129032256 0.03401360544217687 0.06048387096774194
0 0.753968253968254 0.39112903225806456 0.03401360544217687 0.06048387096774194
0 0.7290249433106575 0.38306451612903225 0.03401360544217687 0.06048387096774194
0 0.903061224489796 0.06552419354838708 0.07596371882086168 0.13104838709677416
0 0.8599773242630383 0.07358870967741934 0.0691609977324263 0.1391129032258064
