0 0.24006810442678772 0.37399193548387094 0.05788876276958002 0.11491935483870969
0 0.17536889897843355 0.3366935483870968 0.05788876276958002 0.10483870967741936
0 0.27071509648127123 0.41431451612903225 0.04426787741203178 0.08669354838709678
0 0.3274687854710557 0.40725806451612906 0.04426787741203178 0.0846774193548387
0 0.3348467650397275 0.2550403225806452 0.04313280363223608 0.0907258064516129
0 0.3626560726447218 0.25806451612903225 0.03518728717366629 0.06854838709677419
0 0.4750283768444949 0.31451612903225795 0.041997729852440394 0.06048387096774194
0 0.580022701475596 0.22379032258064516 0.04767309875141884 0.10483870967741936
0 0.6975028376844493 0.28125 0.04426787741203178 0.07056451612903228
0 0.6623155505107831 0.31451612903225795 0.03745743473325766 0.06854838709677419
0 0.7701475595913734 0.3891129032258065 0.032917139614074914 0.06451612903225806
0 0.7491486946651534 0.3931451612903226 0.0340522133938706 0.07258064516129034
0 0.7241770715096482 0.3901209677419355 0.03178206583427923 0.06653225806451611
0 0.8717366628830874 0.0725806451612903 0.07945516458569807 0.13306451612903222
0 0.8416572077185016 0.0655241935483871 0.053348467650397274 0.11088709677419355
