0 0.17290249433106578 0.3558467741935484 0.0691609977324263 0.10685483870967742
0 0.2420634920634921 0.3860887096774194 0.05328798185941043 0.12298387096774194
0 0.2704081632653061 0.4183467741935484 0.04421768707482993 0.10685483870967742
0 0.3310657596371882 0.4102822580645162 0.04081632653061225 0.07056451612903228
0 0.3435374149659864 0.2661290322580645 0.03401360544217687 0.06048387096774194
0 0.3582766439909296 0.2701612903225806 0.036281179138321996 0.07258064516129034
0 0.47845804988662133 0.3225806451612903 0.03401360544217687 0.06048387096774194
0 0.5856009070294784 0.2247983870967742 0.05328798185941043 0.1028225806451613
0 0.8922902494331066 0.0715725806451613 0.07482993197278912 0.12701612903225806
0 0.8526077097505669 0.0715725806451613 0.06349206349206349 0.12701612903225806
0 0.7006802721088435 0.2862903225806452 0.03401360544217687 0.06048387096774194
0 0.6734693877551018 0.3145161290322581 0.03401360544217687 0.06048387096774194
0 0.7755102040816324 0.39112903225806456 0.03401360544217687 0.06048387096774194
0 0.7562358276643991 0.3951612903225806 0.03401360544217687 0.06048387096774194
0 0.7256235827664399 0.3850806451612903 0.03401360544217687 0.06048387096774194
