0 0.24036281179138322 0.3800403225806452 0.05442176870748299 0.11088709677419355
0 0.17460317460317462 0.3477822580645162 0.06349206349206349 0.11088709677419355
0 0.2738095238095238 0.4143145161290323 0.03968253968253967 0.09475806451612905
0 0.32709750566893425 0.4102822580645162 0.04195011337868481 0.08669354838709678
0 0.33616780045351474 0.25302419354838707 0.05102040816326531 0.0907258064516129
0 0.36848072562358275 0.2651209677419355 0.038548752834467105 0.07459677419354839
0 0.47165532879818595 0.31149193548387105 0.03401360544217687 0.05846774193548387
0 0.5816326530612245 0.22379032258064516 0.049886621315192746 0.1129032258064516
0 0.6632653061224489 0.31451612903225795 0.03401360544217687 0.06854838709677419
0 0.7006802721088436 0.2852822580645161 0.038548752834467105 0.08266129032258064
0 0.7738095238095238 0.3891129032258065 0.035147392290249435 0.06451612903225806
0 0.7511337868480726 0.3961693548387097 0.03741496598639456 0.07459677419354839
0 0.7193877551020408 0.3891129032258065 0.035147392290249435 0.08064516129032258
0 0.8735827664399093 0.0625 0.06689342403628118 0.10483870967741936
0 0.8492063492063491 0.06754032258064516 0.061224489795918366 0.12298387096774194
