0 0.17480136208853575 0.34879032258064524 0.06356413166855845 0.10483870967741936
0 0.23779795686719635 0.375 0.05788876276958002 0.13306451612903222
0 0.2724177071509648 0.4133064516129032 0.04540295119182747 0.0967741935483871
0 0.3314415437003405 0.408266129032258 0.04313280363223608 0.07459677419354839
0 0.33541430192962535 0.2600806451612903 0.04426787741203178 0.0846774193548387
0 0.3751418842224744 0.2620967741935484 0.03745743473325766 0.06854838709677419
0 0.47559591373439275 0.3084677419354838 0.036322360953461974 0.06451612903225806
0 0.5822928490351873 0.21572580645161288 0.059023836549375715 0.10483870967741936
0 0.6651532349602727 0.3084677419354838 0.036322360953461974 0.06451612903225806
0 0.6912599318955732 0.2741935483870968 0.036322360953461974 0.07258064516129034
0 0.7735527809307604 0.3901209677419355 0.032917139614074914 0.06653225806451611
0 0.7491486946651531 0.3901209677419355 0.036322360953461974 0.06653225806451611
0 0.7230419977298523 0.3921370967741935 0.03178206583427923 0.07459677419354839
0 0.8706015891032917 0.06451612903225806 0.06356413166855845 0.10483870967741936
0 0.840522133938706 0.06149193548387097 0.05788876276958002 0.10685483870967742
