0 0.17346938775510204 0.3467741935483872 0.06575963718820861 0.10080645161290322
0 0.24206349206349206 0.37701612903225806 0.05555555555555555 0.12096774193548387
0 0.26927437641723356 0.41532258064516125 0.04875283446712018 0.10080645161290322
0 0.32936507936507914 0.4102822580645162 0.041950113378684616 0.07862903225806436
0 0.3458049886621315 0.2540322580645161 0.03401360544217687 0.06048387096774194
0 0.3622448979591836 0.2661290322580645 0.03741496598639456 0.06854838709677419
0 0.47732426303854875 0.3225806451612903 0.03401360544217687 0.06048387096774194
0 0.5878684807256236 0.22479838709677413 0.055555555555555795 0.1068548387096775
0 0.6972789115646256 0.28427419354838707 0.03401360544217687 0.06048387096774194
0 0.6723356009070293 0.3004032258064516 0.03401360544217687 0.06048387096774194
0 0.7777777777777777 0.3891129032258065 0.03401360544217687 0.06048387096774194
0 0.7551020408163265 0.3891129032258065 0.03401360544217687 0.06048387096774194
0 0.7312925170068028 0.38306451612903225 0.03401360544217687 0.06048387096774194
0 0.9036281179138322 0.06451612903225806 0.07029478458049887 0.11693548387096774
0 0.8577097505668934 0.06653225806451613 0.06689342403628118 0.12903225806451613
