0 0.24489795918367346 0.3800403225806452 0.061224489795918366 0.11088709677419355
0 0.17290249433106578 0.3467741935483871 0.06462585034013606 0.10887096774193548
0 0.27154195011337867 0.4133064516129032 0.03968253968253967 0.0967741935483871
0 0.3299319727891157 0.40625 0.04081632653061225 0.07862903225806452
0 0.34183673469387754 0.25201612903225806 0.03741496598639456 0.08064516129032258
0 0.36848072562358275 0.2661290322580645 0.03401360544217687 0.06854838709677419
0 0.473922902494331 0.3145161290322581 0.03401360544217687 0.06048387096774194
0 0.5844671201814059 0.22076612903225803 0.05102040816326531 0.11088709677419355
0 0.7006802721088434 0.2872983870967742 0.04081632653061225 0.07459677419354839
0 0.6666666666666667 0.3084677419354838 0.04081632653061225 0.06451612903225806
0 0.7772108843537414 0.3891129032258065 0.035147392290249435 0.06854838709677419
0 0.7573696145124716 0.3941532258064517 0.036281179138321996 0.06653225806451611
0 0.7261904761904764 0.3790322580645162 0.030612244897959183 0.06854838709677419
0 0.888321995464852 0.058467741935483854 0.06462585034013597 0.11290322580645158
0 0.8531746031746031 0.06754032258064514 0.060090702947845805 0.13104838709677416
