0 0.2423382519863791 0.37701612903225806 0.05788876276958002 0.1129032258064516
0 0.16969353007945515 0.33870967741935487 0.06923950056753687 0.1129032258064516
0 0.27071509648127123 0.41129032258064513 0.041997729852440394 0.09274193548387095
0 0.3263337116912599 0.40423387096774194 0.04426787741203178 0.08266129032258064
0 0.33200908059023837 0.2560483870967742 0.041997729852440394 0.07661290322580645
0 0.3615209988649263 0.2661290322580645 0.03745743473325766 0.07258064516129034
0 0.47105561861521006 0.3094758064516128 0.040862656072644735 0.0625
0 0.5817253121452894 0.22278225806451613 0.0601589103291714 0.11491935483870969
0 0.6980703745743473 0.29032258064516125 0.040862656072644735 0.07258064516129034
0 0.6662883087400684 0.3114919354838709 0.03859250851305335 0.07056451612903228
0 0.7758229284903518 0.3911290322580645 0.03518728717366629 0.08064516129032258
0 0.7468785471055618 0.39012096774193544 0.0340522133938706 0.07459677419354839
0 0.7258796821793416 0.3961693548387097 0.039727582292849034 0.08266129032258064
0 0.8745743473325767 0.0655241935483871 0.07377979568671963 0.11491935483870969
0 0.8422247446083996 0.06653225806451613 0.06583427922814983 0.12903225806451613
