0 0.17196367763904655 0.34375000000000006 0.06923950056753687 0.10685483870967742
0 0.24006810442678767 0.3800403225806452 0.05334846765039737 0.1310483870967741
0 0.27128263337116915 0.40826612903225806 0.03859250851305335 0.08669354838709678
0 0.3286038592508513 0.40524193548387094 0.04426787741203178 0.08064516129032258
0 0.33030646992054485 0.25100806451612906 0.040862656072644735 0.07459677419354839
0 0.36435868331441545 0.25907258064516125 0.036322360953461974 0.05443548387096774
0 0.4755959137343928 0.31350806451612906 0.040862656072644735 0.05846774193548387
0 0.5856980703745743 0.21875 0.056753688989784334 0.11895161290322581
0 0.7003405221339386 0.28931451612903225 0.04767309875141884 0.07459677419354839
0 0.6640181611804767 0.3084677419354839 0.04313280363223611 0.07661290322580666
0 0.7219069239500568 0.3850806451612903 0.03178206583427923 0.08064516129032258
0 0.7446083995459705 0.39818548387096775 0.029511918274687857 0.07459677419354839
0 0.767877412031782 0.39112903225806456 0.032917139614074914 0.07258064516129034
0 0.8745743473325767 0.06249999999999999 0.06696935300794551 0.1129032258064516
0 0.8393870601589103 0.06350806451612903 0.06242905788876277 0.12298387096774194
