0 0.2465986394557822 0.37701612903225806 0.05782312925170091 0.10483870967741932
0 0.1751700680272108 0.34475806451612895 0.05782312925170073 0.10887096774193578
0 0.2709750566893424 0.40524193548387094 0.047619047619047616 0.0967741935483871
0 0.32766439909297046 0.4052419354838709 0.04308390022675741 0.06854838709677409
0 0.3458049886621315 0.25 0.03401360544217687 0.06048387096774194
0 0.36111111111111105 0.2620967741935484 0.03741496598639456 0.06451612903225806
0 0.4761904761904761 0.3165322580645161 0.03401360544217687 0.06048387096774194
0 0.5850340136054422 0.22278225806451613 0.05895691609977324 0.1028225806451613
0 0.6984126984126985 0.28427419354838707 0.03401360544217687 0.06048387096774194
0 0.6700680272108843 0.3084677419354838 0.03401360544217687 0.06048387096774194
0 0.7755102040816324 0.3951612903225806 0.03401360544217687 0.06048387096774194
0 0.7528344671201812 0.39314516129032256 0.03401360544217687 0.06048387096774194
0 0.727891156462586 0.38306451612903225 0.03401360544217688 0.0806451612903227
0 0.9007936507936507 0.06149193548387097 0.07142857142857144 0.11895161290322581
0 0.8577097505668934 0.07056451612903224 0.060090702947845805 0.13306451612903222
