0 0.1717687074829932 0.35685483870967744 0.060090702947845805 0.1129032258064516
0 0.24263038548752835 0.3820564516129032 0.05442176870748299 0.11895161290322581
0 0.27210884353741494 0.4112903225806452 0.045351473922902494 0.10887096774193548
0 0.3321995464852608 0.3951612903225806 0.03401360544217687 0.06048387096774194
0 0.3458049886621315 0.25201612903225806 0.03401360544217687 0.06048387096774194
0 0.35657596371882083 0.2610887096774194 0.03741496598639456 0.07459677419354839
0 0.473922902494331 0.32661290322580655 0.03401360544217687 0.06048387096774194
0 0.5856009070294784 0.22379032258064516 0.05328798185941043 0.10483870967741936
0 0.6984126984126985 0.29233870967741926 0.03401360544217687 0.06048387096774194
0 0.6757369614512472 0.31250000000000006 0.03401360544217687 0.06048387096774194
0 0.7766439909297052 0.39314516129032256 0.03401360544217687 0.06048387096774194
0 0.753968253968254 0.3870967741935484 0.03401360544217687 0.06048387096774194
0 0.7290249433106575 0.3870967741935484 0.03401360544217687 0.06048387096774194
0 0.8945578231292517 0.06451612903225806 0.07482993197278912 0.12903225806451613
0 0.8514739229024942 0.06653225806451613 0.05895691609977324 0.12903225806451613
