0 0.17082860385925083 0.34173387096774194 0.06923950056753687 0.09879032258064516
0 0.24006810442678778 0.3719758064516129 0.05561861520998865 0.12701612903225806
0 0.2707150964812713 0.41229838709677424 0.03745743473325766 0.10685483870967742
0 0.3314415437003405 0.2550403225806452 0.040862656072644735 0.07056451612903228
0 0.3632236095346197 0.26008064516129026 0.036322360953461974 0.06854838709677419
0 0.47105561861521006 0.30645161290322576 0.036322360953461974 0.06048387096774194
0 0.5817253121452896 0.22076612903225803 0.05107832009080591 0.11088709677419355
0 0.6986379114642454 0.2953629032258065 0.039727582292849034 0.07056451612903228
0 0.6634506242905789 0.31249999999999994 0.03518728717366629 0.06451612903225806
0 0.7162315550510783 0.39012096774193544 0.029511918274687857 0.07459677419354839
0 0.7741203178206583 0.3931451612903226 0.0340522133938706 0.06854838709677419
0 0.7423382519863791 0.3951612903225806 0.03178206583427923 0.0846774193548387
0 0.8666288308740068 0.06451612903225806 0.06242905788876277 0.11693548387096774
0 0.8376844494892168 0.07358870967741934 0.05221339387060159 0.12701612903225806
0 0.3303064699205449 0.40423387096774194 0.04540295119182747 0.08266129032258064
