0 0.17006802721088438 0.34475806451612906 0.06349206349206349 0.1129032258064516
0 0.24319727891156462 0.3790322580645162 0.060090702947845805 0.12096774193548387
0 0.2709750566893424 0.4122983870967742 0.038548752834467105 0.09879032258064516
0 0.3276643990929706 0.40524193548387094 0.045351473922902494 0.07661290322580645
0 0.34353741496598644 0.2560483870967742 0.045351473922902494 0.07258064516129034
0 0.3679138321995465 0.2610887096774194 0.030612244897959183 0.07056451612903228
0 0.47222222222222227 0.3145161290322582 0.032879818594104306 0.06451612903225806
0 0.5839002267573695 0.21774193548387097 0.05215419501133787 0.11693548387096774
0 0.7006802721088436 0.2842741935483871 0.04308390022675737 0.07661290322580645
0 0.6678004535147393 0.3094758064516129 0.04081632653061225 0.07056451612903228
0 0.8803854875283448 0.0564516129032258 0.06235827664399093 0.10080645161290322
0 0.846938775510204 0.05745967741935483 0.05215419501133787 0.11088709677419355
0 0.7777777777777777 0.3961693548387097 0.045351473922902494 0.07862903225806452
0 0.7517006802721088 0.3931451612903226 0.036281179138321996 0.06854838709677419
0 0.726190476190476 0.38810483870967744 0.030612244897959183 0.06653225806451611
