0 0.17573696145124718 0.3558467741935484 0.061224489795918366 0.11491935483870969
0 0.24546485260770975 0.3820564516129032 0.05102040816326531 0.11088709677419355
0 0.27494331065759636 0.4213709677419355 0.05102040816326531 0.1129032258064516
0 0.3321995464852608 0.41129032258064513 0.038548752834467105 0.07661290322580645
0 0.3446712018140588 0.25806451612903225 0.03401360544217687 0.06048387096774194
0 0.3679138321995464 0.2661290322580645 0.030612244897959183 0.06048387096774194
0 0.48412698412698413 0.3145161290322581 0.03401360544217687 0.06048387096774194
0 0.5901360544217686 0.2258064516129032 0.04875283446712018 0.10887096774193548
0 0.8996598639455782 0.07056451612903226 0.07142857142857144 0.12096774193548387
0 0.846938775510204 0.06552419354838708 0.05895691609977324 0.13104838709677416
0 0.7006802721088435 0.2943548387096774 0.03401360544217687 0.06048387096774194
0 0.6689342403628118 0.3165322580645162 0.03401360544217687 0.06048387096774194
0 0.7777777777777777 0.3870967741935484 0.03401360544217687 0.06048387096774194
0 0.7573696145124714 0.39112903225806456 0.03401360544217687 0.06048387096774194
0 0.7301587301587301 0.38104838709677424 0.03401360544217687 0.06048387096774194
