0 0.17006802721088435 0.34778225806451607 0.061224489795918366 0.10685483870967742
0 0.24036281179138322 0.38104838709677424 0.061224489795918366 0.1129032258064516
0 0.27267573696145125 0.4183467741935484 0.04195011337868481 0.1028225806451613
0 0.3287981859410431 0.41229838709677424 0.038548752834467105 0.06653225806451611
0 0.3492063492063492 0.26008064516129026 0.04081632653061225 0.06854838709677419
0 0.36734693877551017 0.25806451612903225 0.03401360544217687 0.06854838709677419
0 0.47732426303854875 0.3185483870967742 0.03401360544217687 0.06048387096774194
0 0.586734693877551 0.22278225806451613 0.05102040816326531 0.1028225806451613
0 0.8968253968253967 0.06350806451612903 0.06802721088435373 0.12298387096774194
0 0.8497732426303855 0.0655241935483871 0.057823129251700675 0.12701612903225806
0 0.7766439909297052 0.39112903225806456 0.03401360544217687 0.06048387096774194
0 0.7551020408163265 0.39112903225806456 0.03401360544217687 0.06048387096774194
0 0.7301587301587301 0.3891129032258065 0.03401360544217687 0.06048387096774194
0 0.7006802721088435 0.28427419354838707 0.03401360544217687 0.06048387096774194
0 0.6723356009070297 0.3125 0.03401360544217687 0.06048387096774194
