0 0.17290249433106578 0.34879032258064513 0.06462585034013606 0.1129032258064516
0 0.23752834467120182 0.38407258064516125 0.05102040816326531 0.12298387096774194
0 0.27267573696145125 0.4102822580645162 0.03968253968253967 0.11491935483870969
0 0.3304988662131519 0.40524193548387094 0.03968253968253967 0.07661290322580645
0 0.33956916099773243 0.25 0.04195011337868481 0.0846774193548387
0 0.36281179138321995 0.2620967741935484 0.02947845804988662 0.06451612903225806
0 0.4710884353741497 0.31149193548387105 0.030612244897959183 0.05846774193548387
0 0.5782312925170067 0.23387096774193544 0.05215419501133787 0.10887096774193548
0 0.6978458049886623 0.2883064516129032 0.03741496598639456 0.06048387096774194
0 0.6649659863945577 0.3094758064516128 0.039682539682539666 0.07459677419354838
0 0.7760770975056688 0.3921370967741936 0.030612244897959183 0.07056451612903228
0 0.7528344671201816 0.3941532258064516 0.036281179138321996 0.07459677419354839
0 0.7250566893424035 0.38407258064516125 0.03968253968253967 0.07459677419354839
0 0.8735827664399093 0.05745967741935484 0.06235827664399093 0.1028225806451613
0 0.8497732426303855 0.0594758064516129 0.057823129251700675 0.10685483870967742
