0 0.2414965986394558 0.3780241935483871 0.05215419501133787 0.11088709677419355
0 0.17290249433106578 0.3467741935483871 0.0691609977324263 0.11693548387096774
0 0.272108843537415 0.40725806451612906 0.04081632653061225 0.10080645161290322
0 0.3282312925170068 0.4022177419354838 0.04421768707482993 0.07459677419354839
0 0.33956916099773254 0.25 0.03968253968253967 0.06451612903225806
0 0.3696145124716552 0.25504032258064513 0.02947845804988662 0.06653225806451611
0 0.4710884353741497 0.3155241935483872 0.032879818594104306 0.0625
0 0.5804988662131518 0.21874999999999997 0.05895691609977324 0.11088709677419355
0 0.6989795918367346 0.28024193548387094 0.046485260770975055 0.06854838709677419
0 0.6678004535147395 0.30342741935483875 0.038548752834467105 0.07056451612903228
0 0.7772108843537413 0.3860887096774194 0.03741496598639456 0.07459677419354839
0 0.7522675736961449 0.3860887096774194 0.032879818594104306 0.06653225806451611
0 0.7256235827664398 0.38306451612903225 0.04081632653061225 0.07661290322580645
0 0.8849206349206349 0.05745967741935484 0.07142857142857144 0.1028225806451613
0 0.846938775510204 0.05846774193548386 0.05215419501133787 0.1129032258064516
