0 0.1717687074829932 0.3508064516129032 0.06462585034013606 0.1129032258064516
0 0.24036281179138322 0.37903225806451607 0.05668934240362813 0.11693548387096774
0 0.26927437641723356 0.4173387096774194 0.04875283446712018 0.10483870967741936
0 0.32766439909297046 0.40725806451612906 0.04308390022675737 0.0846774193548387
0 0.3446712018140588 0.25 0.03401360544217687 0.06048387096774194
0 0.3605442176870748 0.26512096774193544 0.036281179138321996 0.06653225806451611
0 0.47845804988662133 0.3245967741935484 0.03401360544217687 0.06048387096774194
0 0.586734693877551 0.2308467741935484 0.05328798185941043 0.11895161290322581
0 0.6984126984126985 0.29032258064516125 0.03401360544217687 0.06048387096774194
0 0.6757369614512472 0.3185483870967742 0.03401360544217687 0.06048387096774194
0 0.7777777777777777 0.39717741935483875 0.03401360544217687 0.06048387096774194
0 0.753968253968254 0.3951612903225806 0.03401360544217687 0.06048387096774194
0 0.7256235827664399 0.4012096774193548 0.03401360544217687 0.06048387096774194
0 0.8979591836734694 0.06451612903225806 0.07709750566893421 0.10887096774193548
0 0.8565759637188209 0.06149193548387096 0.06462585034013606 0.11088709677419355
