0 0.17006802721088435 0.34274193548387094 0.07256235827664399 0.10887096774193548
0 0.2437641723356009 0.3719758064516129 0.05215419501133787 0.12298387096774194
0 0.27267573696145125 0.41129032258064513 0.04421768707482993 0.1129032258064516
0 0.32766439909297057 0.4112903225806452 0.045351473922902494 0.07258064516129034
0 0.3344671201814059 0.25201612903225806 0.04308390022675737 0.08064516129032258
0 0.3639455782312925 0.25907258064516125 0.03401360544217687 0.07862903225806452
0 0.4705215419501134 0.3104838709677419 0.03401360544217687 0.06451612903225806
0 0.5799319727891157 0.22479838709677416 0.05328798185941043 0.12298387096774194
0 0.6604308390022676 0.3155241935483871 0.03741496598639456 0.07056451612903228
0 0.7040816326530613 0.28830645161290325 0.05215419501133787 0.0846774193548387
0 0.7766439909297053 0.3961693548387097 0.04081632653061225 0.07056451612903228
0 0.7522675736961452 0.40221774193548393 0.03968253968253967 0.08266129032258064
0 0.7273242630385488 0.38306451612903225 0.03968253968253967 0.07661290322580645
0 0.8718820861678005 0.06754032258064516 0.07256235827664399 0.11491935483870969
0 0.846938775510204 0.0715725806451613 0.061224489795918366 0.11895161290322581
