0 0.17290249433106575 0.3487903225806452 0.06689342403628118 0.11693548387096774
0 0.24206349206349206 0.37600806451612906 0.05555555555555555 0.12701612903225806
0 0.2732426303854876 0.4133064516129032 0.04081632653061225 0.1129032258064516
0 0.32936507936507936 0.40423387096774194 0.03741496598639456 0.06653225806451611
0 0.3452380952380952 0.248991935483871 0.03968253968253967 0.07459677419354839
0 0.3633786848072561 0.2610887096774193 0.035147392290249435 0.06653225806451611
0 0.473922902494331 0.3145161290322581 0.03401360544217687 0.06048387096774194
0 0.5856009070294778 0.22177419354838712 0.05328798185941169 0.09677419354838708
0 0.6950113378684807 0.2862903225806452 0.03401360544217687 0.06048387096774194
0 0.7766439909297052 0.39314516129032256 0.03401360544217687 0.06048387096774194
0 0.7573696145124714 0.39112903225806456 0.03401360544217687 0.06048387096774194
0 0.7290249433106575 0.38104838709677424 0.03401360544217687 0.06048387096774194
0 0.6757369614512472 0.3104838709677418 0.03401360544217687 0.06048387096774194
0 0.8945578231292515 0.05443548387096773 0.052154195011338104 0.09677419354838708
0 0.854875283446712 0.06653225806451613 0.05442176870748299 0.12903225806451613
