0 0.17233560090702948 0.35282258064516125 0.06349206349206349 0.10887096774193548
0 0.24489795918367346 0.38004032258064513 0.05215419501133787 0.11491935483870969
0 0.268140589569161 0.4173387096774194 0.05102040816326531 0.10080645161290322
0 0.3310657596371882 0.40120967741935487 0.04081632653061225 0.07258064516129034
0 0.3469387755102041 0.25907258064516125 0.036281179138321996 0.06653225806451611
0 0.3684807256235827 0.2752016129032258 0.038548752834467105 0.06653225806451611
0 0.481859410430839 0.3104838709677418 0.03401360544217687 0.06048387096774194
0 0.5810657596371882 0.22379032258064513 0.04875283446712018 0.10887096774193548
0 0.8871882086167802 0.06350806451612903 0.07369614512471653 0.11088709677419355
0 0.852607709750567 0.06451612903225806 0.07482993197278912 0.125
0 0.6995464852607709 0.28427419354838707 0.03401360544217687 0.06048387096774194
0 0.6757369614512472 0.3205645161290323 0.03401360544217687 0.06048387096774194
0 0.7800453514739228 0.39112903225806456 0.03401360544217687 0.06048387096774194
0 0.7562358276643991 0.3870967741935484 0.03401360544217687 0.06048387096774194
0 0.7244897959183674 0.3790322580645162 0.03401360544217687 0.06048387096774194
