0 0.16950113378684806 0.3538306451612903 0.06689342403628118 0.12298387096774194
0 0.23979591836734696 0.37298387096774194 0.057823129251700675 0.1129032258064516
0 0.2715419501133786 0.41129032258064513 0.04195011337868481 0.0967741935483871
0 0.32936507936507936 0.4112903225806452 0.04421768707482993 0.0846774193548387
0 0.33730158730158727 0.2530241935483871 0.04195011337868481 0.07862903225806452
0 0.36451247165532874 0.2570564516129032 0.04195011337868481 0.06653225806451611
0 0.47165532879818595 0.3165322580645162 0.04081632653061225 0.06451612903225806
0 0.5799319727891157 0.22379032258064513 0.05555555555555555 0.10887096774193548
0 0.6984126984126984 0.2872983870967742 0.04308390022675737 0.07459677419354839
0 0.6666666666666667 0.3094758064516128 0.038548752834467105 0.06653225806451611
0 0.7738095238095238 0.3951612903225806 0.03741496598639456 0.07661290322580645
0 0.7511337868480727 0.3931451612903226 0.032879818594104306 0.07258064516129034
0 0.7256235827664398 0.3870967741935484 0.04081632653061225 0.08064516129032258
0 0.876984126984127 0.06653225806451613 0.0691609977324263 0.11693548387096774
0 0.8435374149659863 0.05443548387096774 0.05895691609977324 0.10483870967741936
