0 0.17233560090702948 0.3467741935483872 0.05895691609977324 0.1129032258064516
0 0.24036281179138325 0.37600806451612906 0.05895691609977324 0.11895161290322581
0 0.2732426303854875 0.4102822580645162 0.038548752834467105 0.09475806451612905
0 0.326530612244898 0.40120967741935487 0.038548752834467105 0.08870967741935484
0 0.3373015873015873 0.25201612903225806 0.04875283446712018 0.0967741935483871
0 0.3667800453514738 0.2620967741935484 0.04195011337868481 0.08064516129032258
0 0.4733560090702948 0.31250000000000006 0.035147392290249435 0.0564516129032258
0 0.5821995464852607 0.22076612903225803 0.05102040816326531 0.1028225806451613
0 0.703514739229025 0.28931451612903225 0.04195011337868481 0.06653225806451611
0 0.667233560090703 0.3014112903225806 0.03968253968253967 0.06653225806451611
0 0.7732426303854875 0.39314516129032256 0.036281179138321996 0.07661290322580645
0 0.7522675736961452 0.39717741935483875 0.03968253968253967 0.08064516129032258
0 0.7250566893424036 0.3830645161290323 0.035147392290249435 0.06854838709677419
0 0.8696145124716554 0.06451612903225806 0.06575963718820861 0.11693548387096774
0 0.84297052154195 0.05645161290322581 0.04875283446712018 0.10483870967741936
