0 0.24546485260770975 0.37701612903225806 0.057823129251700675 0.10483870967741936
0 0.17120181405895693 0.3497983870967742 0.06575963718820861 0.11088709677419355
0 0.2738095238095238 0.40725806451612906 0.046485260770975055 0.11693548387096774
0 0.3265306122448979 0.4072580645161292 0.0430839002267574 0.0766129032258062
0 0.3458049886621315 0.2540322580645161 0.03401360544217687 0.06048387096774194
0 0.35997732426303847 0.2620967741935484 0.032879818594104306 0.06854838709677419
0 0.47732426303854875 0.3165322580645162 0.03401360544217687 0.06048387096774194
0 0.5878684807256235 0.21774193548387097 0.05328798185941043 0.10080645161290322
0 0.6984126984126982 0.284274193548387 0.03401360544217687 0.06048387096774194
0 0.6678004535147392 0.30241935483870963 0.03401360544217687 0.06048387096774194
0 0.7811791383219955 0.39717741935483875 0.03401360544217687 0.06048387096774194
0 0.751700680272109 0.3951612903225806 0.03401360544217687 0.06048387096774194
0 0.7278911564625852 0.38104838709677424 0.03401360544217687 0.06048387096774194
0 0.9070294784580498 0.0715725806451613 0.08843537414965986 0.1350806451612903
0 0.8594104308390019 0.0715725806451613 0.06802721088435373 0.1350806451612903
