0 0.1717687074829932 0.34778225806451624 0.06462585034013606 0.1028225806451613
0 0.2437641723356009 0.3830645161290322 0.061224489795918366 0.10887096774193548
0 0.2732426303854875 0.4143145161290323 0.04308390022675737 0.09475806451612905
0 0.33163265306122447 0.40423387096774194 0.04195011337868481 0.07459677419354839
0 0.3492063492063492 0.26008064516129037 0.03401360544217687 0.06048387096774194
0 0.365079365079365 0.2620967741935484 0.031746031746031744 0.06048387096774194
0 0.48072562358276644 0.3165322580645162 0.03401360544217687 0.06048387096774194
0 0.5856009070294784 0.22379032258064516 0.05102040816326531 0.10483870967741936
0 0.8888888888888888 0.06451612903225806 0.06802721088435373 0.11693548387096774
0 0.8492063492063493 0.06451612903225806 0.05895691609977324 0.12903225806451613
0 0.7766439909297052 0.39314516129032256 0.03401360544217687 0.06048387096774194
0 0.7562358276643992 0.3870967741935484 0.03401360544217687 0.06048387096774194
0 0.7290249433106575 0.3911290322580645 0.03401360544217687 0.06048387096774194
0 0.701814058956916 0.29032258064516125 0.03401360544217687 0.06048387096774194
0 0.6746031746031745 0.3245967741935484 0.03401360544217687 0.06048387096774194
