0 0.24347332576617478 0.37298387096774194 0.05788876276958002 0.11693548387096774
0 0.17366628830874006 0.3477822580645162 0.06356413166855845 0.11895161290322581
0 0.27355278093076046 0.40524193548387094 0.040862656072644735 0.0967741935483871
0 0.32860385925085134 0.408266129032258 0.046538024971623154 0.07459677419354839
0 0.33427922814982963 0.2560483870967742 0.041997729852440394 0.0846774193548387
0 0.3660612939841091 0.2661290322580645 0.03518728717366629 0.0846774193548387
0 0.47389330306469923 0.31250000000000006 0.03745743473325766 0.0564516129032258
0 0.5794551645856981 0.22278225806451613 0.05788876276958002 0.10685483870967742
0 0.664018161180477 0.31249999999999994 0.0340522133938706 0.06854838709677419
0 0.6918274687854707 0.2862903225806452 0.032917139614074914 0.09274193548387095
0 0.7746878547105561 0.39717741935483875 0.03518728717366629 0.06854838709677419
0 0.7508513053348467 0.39717741935483875 0.03518728717366629 0.06854838709677419
0 0.7224744608399546 0.38407258064516137 0.032917139614074914 0.07056451612903228
0 0.8649262202043133 0.06451612903225806 0.06583427922814983 0.12096774193548387
0 0.8359818388195233 0.06149193548387097 0.04880817253121453 0.11895161290322581
