0 0.16950113378684808 0.34979838709677424 0.0691609977324263 0.11895161290322581
0 0.24263038548752835 0.375 0.05442176870748299 0.1129032258064516
0 0.2698412698412698 0.40826612903225806 0.05215419501133787 0.11088709677419355
0 0.3321995464852607 0.39818548387096775 0.036281179138321996 0.06653225806451611
0 0.3480725623582765 0.25 0.03401360544217687 0.06048387096774194
0 0.3673469387755102 0.2620967741935484 0.031746031746031744 0.06048387096774194
0 0.481859410430839 0.3125 0.03401360544217687 0.06048387096774194
0 0.5839002267573695 0.21774193548387097 0.05215419501133787 0.10080645161290322
0 0.8871882086167799 0.06653225806451613 0.07142857142857144 0.1129032258064516
0 0.8537414965986394 0.06955645161290322 0.06349206349206349 0.1350806451612903
0 0.701814058956916 0.2862903225806452 0.03401360544217687 0.06048387096774194
0 0.6768707482993196 0.31250000000000006 0.03401360544217687 0.06048387096774194
0 0.7789115646258503 0.3850806451612903 0.03401360544217687 0.06048387096774194
0 0.7573696145124714 0.3870967741935484 0.03401360544217687 0.06048387096774194
0 0.7312925170068028 0.3870967741935484 0.03401360544217687 0.06048387096774194
