0 0.2437641723356009 0.37903225806451607 0.05668934240362813 0.13306451612903222
0 0.17233560090702948 0.34979838709677424 0.06802721088435373 0.12701612903225806
0 0.2709750566893424 0.4092741935483871 0.04308390022675737 0.10483870967741936
0 0.3287981859410431 0.40826612903225806 0.045351473922902494 0.08669354838709678
0 0.34183673469387743 0.2570564516129032 0.03968253968253967 0.07862903225806452
0 0.3713151927437642 0.26411290322580644 0.03514739229024942 0.06854838709677417
0 0.471655328798186 0.3165322580645162 0.031746031746031744 0.06451612903225806
0 0.5804988662131519 0.22076612903225803 0.049886621315192746 0.11088709677419355
0 0.6995464852607712 0.28830645161290325 0.04081632653061225 0.07661290322580645
0 0.6666666666666667 0.30141129032258057 0.04081632653061225 0.07056451612903228
0 0.7772108843537413 0.3901209677419355 0.03741496598639456 0.07862903225806452
0 0.7528344671201813 0.39012096774193544 0.038548752834467105 0.07459677419354839
0 0.7273242630385489 0.3870967741935484 0.03968253968253967 0.07661290322580645
0 0.8883219954648527 0.05846774193548387 0.06689342403628118 0.10887096774193548
0 0.8503401360544218 0.0594758064516129 0.05442176870748299 0.11491935483870969
