0 0.17253121452894438 0.34576612903225806 0.06129398410896708 0.1028225806451613
0 0.24006810442678772 0.37298387096774194 0.06242905788876277 0.12903225806451613
0 0.27128263337116915 0.4173387096774194 0.040862656072644735 0.10080645161290322
0 0.3274687854710556 0.41129032258064513 0.041997729852440394 0.09274193548387095
0 0.33200908059023837 0.2620967741935484 0.041997729852440394 0.08870967741935484
0 0.3609534619750285 0.2651209677419355 0.036322360953461974 0.07459677419354839
0 0.4744608399545969 0.3165322580645162 0.036322360953461974 0.06451612903225806
0 0.5828603859250852 0.22379032258064516 0.0601589103291714 0.1129032258064516
0 0.6645856980703748 0.3155241935483872 0.03518728717366629 0.06653225806451611
0 0.6969353007945516 0.28024193548387094 0.040862656072644735 0.08870967741935484
0 0.7712826333711689 0.3881048387096774 0.03518728717366629 0.07459677419354839
0 0.7485811577752554 0.39717741935483875 0.03518728717366629 0.07661290322580645
0 0.7196367763904654 0.3891129032258065 0.029511918274687857 0.07258064516129034
0 0.8660612939841088 0.06350806451612903 0.06356413166855845 0.10685483870967742
0 0.8348467650397277 0.05846774193548387 0.04426787741203178 0.0967741935483871
